0,1,2,3,4,5,6,7,8,9,10,11,12,13,14,15,16,17,18,19,20,21,22,23,24,25,26,27,28,29,30,31,32,33,34,35,36,37,38,39,40,41,42,43,44,45,46,47,48,49,50,51,52,53,54,55,56,57,58,59,60,61,62,63,64,65,66,67,68,69,70,71,72,73,74,75,76,77,78,79,80,81,82,83,84,85,86,87,88,89,90,91,92,93,94,95,96,97,98,99
0.0,0.0,0.0,0.0,0.0,0.0,0.0,0.0,0.0,0.0,0.0,0.0,0.0,0.0,0.0,0.0,0.0,0.0,0.0,0.0,0.0,0.0,0.0,0.0,0.0,0.0,0.0,0.0,0.0,0.0,0.0,0.0,0.0,0.0,0.0,0.0,0.0,0.0,0.0,0.0,0.0,0.0,0.0,0.0,0.0,0.0,0.0,0.0,0.0,0.0,0.0,0.0,0.0,0.0,0.0,0.0,0.0,0.0,0.0,0.0,0.0,0.0,0.0,0.0,0.0,0.0,0.0,0.0,0.0,0.0,0.0,0.0,0.0,0.0,0.0,0.0,0.0,0.0,0.0,0.0,0.0,0.0,0.0,0.0,0.0,0.0,0.0,0.0,0.0,0.0,0.0,0.0,0.0,0.0,0.0,0.0,0.0,0.0,0.0,0.0
0.0,0.0,0.0,0.0,0.0,0.0,0.0,0.0,0.0,0.0,0.0,0.0,0.0,0.0,0.0,0.0,0.0,0.0,0.0,0.0,0.0,0.0,0.0,0.0,0.0,0.0,0.0,0.0,0.0,0.0,0.0,0.0,0.0,0.0,0.0,0.0,0.0,0.0,0.0,0.0,0.0,0.0,0.0,0.0,0.0,0.0,0.0,0.0,0.0,0.0,0.0,0.0,0.0,0.0,0.0,0.0,0.0,0.0,0.0,0.0,0.0,0.0,0.0,0.0,0.0,0.0,0.0,0.0,0.0,0.0,0.0,0.0,0.0,0.0,0.0,0.0,0.0,0.0,0.0,0.0,0.0,0.0,0.0,0.0,0.0,0.0,0.0,0.0,0.0,0.0,0.0,0.0,0.0,0.0,0.0,0.0,0.0,0.0,0.0,0.0
0.0,0.0,0.0,0.0,0.0,0.0,0.0,0.0,0.0,0.0,0.0,0.0,0.0,0.0,0.0,0.0,0.0,0.0,0.0,0.0,0.0,0.0,0.0,0.0,0.0,0.0,0.0,0.0,0.0,0.0,0.0,0.0,0.0,0.0,0.0,0.0,0.0,0.0,0.0,0.0,0.0,0.0,0.0,0.0,0.0,0.0,0.0,0.0,0.0,0.0,0.0,0.0,0.0,0.0,0.0,0.0,0.0,0.0,0.0,0.0,0.0,0.0,0.0,0.0,0.0,0.0,0.0,0.0,0.0,0.0,0.0,0.0,0.0,0.0,0.0,0.0,0.0,0.0,0.0,0.0,0.0,0.0,0.0,0.0,0.0,0.0,0.0,0.0,0.0,0.0,0.0,0.0,0.0,0.0,0.0,0.0,0.0,0.0,0.0,0.0
0.0,0.0,0.0,0.0,0.0,0.0,0.0,0.0,0.0,0.0,0.0,0.0,0.0,0.0,0.0,0.0,0.0,0.0,0.0,0.0,0.0,0.0,0.0,0.0,0.0,0.0,0.0,0.0,0.0,0.0,0.0,0.0,0.0,0.0,0.0,0.0,0.0,0.0,0.0,0.0,0.0,0.0,0.0,0.0,0.0,0.0,0.0,0.0,0.0,0.0,0.0,0.0,0.0,0.0,0.0,0.0,0.0,0.0,0.0,0.0,0.0,0.0,0.0,0.0,0.0,0.0,0.0,0.0,0.0,0.0,0.0,0.0,0.0,0.0,0.0,0.0,0.0,0.0,0.0,0.0,0.0,0.0,0.0,0.0,0.0,0.0,0.0,0.0,0.0,0.0,0.0,0.0,0.0,0.0,0.0,0.0,0.0,0.0,0.0,0.0
0.0,0.0,0.0,0.0,0.0,0.0,0.0,0.0,0.0,0.0,0.0,0.0,0.0,0.0,0.0,0.0,0.0,0.0,0.0,0.0,0.0,0.0,0.0,0.0,0.0,0.0,0.0,0.0,0.0,0.0,0.0,0.0,0.0,0.0,0.0,0.0,0.0,0.0,0.0,0.0,0.0,0.0,0.0,0.0,0.0,0.0,0.0,0.0,0.0,0.0,0.0,0.0,0.0,0.0,0.0,0.0,0.0,0.0,0.0,0.0,0.0,0.0,0.0,0.0,0.0,0.0,0.0,0.0,0.0,0.0,0.0,0.0,0.0,0.0,0.0,0.0,0.0,0.0,0.0,0.0,0.0,0.0,0.0,0.0,0.0,0.0,0.0,0.0,0.0,0.0,0.0,0.0,0.0,0.0,0.0,0.0,0.0,0.0,0.0,0.0
0.0,0.0,0.0,0.0,0.0,0.0,0.0,0.0,0.0,0.0,0.0,0.0,0.0,0.0,0.0,0.0,0.0,0.0,0.0,0.0,0.0,0.0,0.0,0.0,0.0,0.0,0.0,0.0,0.0,0.0,0.0,0.0,0.0,0.0,0.0,0.0,0.0,0.0,0.0,0.0,0.0,0.0,0.0,0.0,0.0,0.0,0.0,0.0,0.0,0.0,0.0,0.0,0.0,0.0,0.0,0.0,0.0,0.0,0.0,0.0,0.0,0.0,0.0,0.0,0.0,0.0,0.0,0.0,0.0,0.0,0.0,0.0,0.0,0.0,0.0,0.0,0.0,0.0,0.0,0.0,0.0,0.0,0.0,0.0,0.0,0.0,0.0,0.0,0.0,0.0,0.0,0.0,0.0,0.0,0.0,0.0,0.0,0.0,0.0,0.0
0.0,0.0,0.0,0.0,0.0,0.0,0.0,0.0,0.0,0.0,0.0,0.0,0.0,0.0,0.0,0.0,0.0,0.0,0.0,0.0,0.0,0.0,0.0,0.0,0.0,0.0,0.0,0.0,0.0,0.0,0.0,0.0,0.0,0.0,0.0,0.0,0.0,0.0,0.0,0.0,0.0,0.0,0.0,0.0,0.0,0.0,0.0,0.0,0.0,0.0,0.0,0.0,0.0,0.0,0.0,0.0,0.0,0.0,0.0,0.0,0.0,0.0,0.0,0.0,0.0,0.0,0.0,0.0,0.0,0.0,0.0,0.0,0.0,0.0,0.0,0.0,0.0,0.0,0.0,0.0,0.0,0.0,0.0,0.0,0.0,0.0,0.0,0.0,0.0,0.0,0.0,0.0,0.0,0.0,0.0,0.0,0.0,0.0,0.0,0.0
0.0,0.0,0.0,0.0,0.0,0.0,0.0,0.0,0.0,0.0,0.0,0.0,0.0,0.0,0.0,0.0,0.0,0.0,0.0,0.0,0.0,0.0,0.0,0.0,0.0,0.0,0.0,0.0,0.0,0.0,0.0,0.0,0.0,0.0,0.0,0.0,0.0,0.0,0.0,0.0,0.0,0.0,0.0,0.0,0.0,0.0,0.0,0.0,0.0,0.0,0.0,0.0,0.0,0.0,0.0,0.0,0.0,0.0,0.0,0.0,0.0,0.0,0.0,0.0,0.0,0.0,0.0,0.0,0.0,0.0,0.0,0.0,0.0,0.0,0.0,0.0,0.0,0.0,0.0,0.0,0.0,0.0,0.0,0.0,0.0,0.0,0.0,0.0,0.0,0.0,0.0,0.0,0.0,0.0,0.0,0.0,0.0,0.0,0.0,0.0
0.0,0.0,0.0,0.0,0.0,0.0,0.0,0.0,0.0,0.0,0.0,0.0,0.0,0.0,0.0,0.0,0.0,0.0,0.0,0.0,0.0,0.0,0.0,0.0,0.0,0.0,0.0,0.0,0.0,0.0,0.0,0.0,0.0,0.0,0.0,0.0,0.0,0.0,0.0,0.0,0.0,0.0,0.0,0.0,0.0,0.0,0.0,0.0,0.0,0.0,0.0,0.0,0.0,0.0,0.0,0.0,0.0,0.0,0.0,0.0,0.0,0.0,0.0,0.0,0.0,0.0,0.0,0.0,0.0,0.0,0.0,0.0,0.0,0.0,0.0,0.0,0.0,0.0,0.0,0.0,0.0,0.0,0.0,0.0,0.0,0.0,0.0,0.0,0.0,0.0,0.0,0.0,0.0,0.0,0.0,0.0,0.0,0.0,0.0,0.0
0.0,0.0,0.0,0.0,0.0,0.0,0.0,0.0,0.0,0.0,0.0,0.0,0.0,0.0,0.0,0.0,0.0,0.0,0.0,0.0,0.0,0.0,0.0,0.0,0.0,0.0,0.0,0.0,0.0,0.0,0.0,0.0,0.0,0.0,0.0,0.0,0.0,0.0,0.0,0.0,0.0,0.0,0.0,0.0,0.0,0.0,0.0,0.0,0.0,0.0,0.0,0.0,0.0,0.0,0.0,0.0,0.0,0.0,0.0,0.0,0.0,0.0,0.0,0.0,0.0,0.0,0.0,0.0,0.0,0.0,0.0,0.0,0.0,0.0,0.0,0.0,0.0,0.0,0.0,0.0,0.0,0.0,0.0,0.0,0.0,0.0,0.0,0.0,0.0,0.0,0.0,0.0,0.0,0.0,0.0,0.0,0.0,0.0,0.0,0.0
0.0,0.0,0.0,0.0,0.0,0.0,0.0,0.0,0.0,0.0,0.0,0.0,0.0,0.0,0.0,0.0,0.0,0.0,0.0,0.0,0.0,0.0,0.0,0.0,0.0,0.0,0.0,0.0,0.0,0.0,0.0,0.0,0.0,0.0,0.0,0.0,0.0,0.0,0.0,0.0,0.0,0.0,0.0,0.0,0.0,0.0,0.0,0.0,0.0,0.0,0.0,0.0,0.0,0.0,0.0,0.0,0.0,0.0,0.0,0.0,0.0,0.0,0.0,0.0,0.0,0.0,0.0,0.0,0.0,0.0,0.0,0.0,0.0,0.0,0.0,0.0,0.0,0.0,0.0,0.0,0.0,0.0,0.0,0.0,0.0,0.0,0.0,0.0,0.0,0.0,0.0,0.0,0.0,0.0,0.0,0.0,0.0,0.0,0.0,0.0
0.0,0.0,0.0,0.0,0.0,0.0,0.0,0.0,0.0,0.0,0.0,0.0,0.0,0.0,0.0,0.0,0.0,0.0,0.0,0.0,0.0,0.0,0.0,0.0,0.0,0.0,0.0,0.0,0.0,0.0,0.0,0.0,0.0,0.0,0.0,0.0,0.0,0.0,0.0,0.0,0.0,0.0,0.0,0.0,0.0,0.0,0.0,0.0,0.0,0.0,0.0,0.0,0.0,0.0,0.0,0.0,0.0,0.0,0.0,0.0,0.0,0.0,0.0,0.0,0.0,0.0,0.0,0.0,0.0,0.0,0.0,0.0,0.0,0.0,0.0,0.0,0.0,0.0,0.0,0.0,0.0,0.0,0.0,0.0,0.0,0.0,0.0,0.0,0.0,0.0,0.0,0.0,0.0,0.0,0.0,0.0,0.0,0.0,0.0,0.0
0.0,0.0,0.0,0.0,0.0,0.0,0.0,0.0,0.0,0.0,0.0,0.0,0.0,0.0,0.0,0.0,0.0,0.0,0.0,0.0,0.0,0.0,0.0,0.0,0.0,0.0,0.0,0.0,0.0,0.0,0.0,0.0,0.0,0.0,0.0,0.0,0.0,0.0,0.0,0.0,0.0,0.0,0.0,0.0,0.0,0.0,0.0,0.0,0.0,0.0,0.0,0.0,0.0,0.0,0.0,0.0,0.0,0.0,0.0,0.0,0.0,0.0,0.0,0.0,0.0,0.0,0.0,0.0,0.0,0.0,0.0,0.0,0.0,0.0,0.0,0.0,0.0,0.0,0.0,0.0,0.0,0.0,0.0,0.0,0.0,0.0,0.0,0.0,0.0,0.0,0.0,0.0,0.0,0.0,0.0,0.0,0.0,0.0,0.0,0.0
0.0,0.0,0.0,0.0,0.0,0.0,0.0,0.0,0.0,0.0,0.0,0.0,0.0,0.0,0.0,0.0,0.0,0.0,0.0,0.0,0.0,0.0,0.0,0.0,0.0,0.0,0.0,0.0,0.0,0.0,0.0,0.0,0.0,0.0,0.0,0.0,0.0,0.0,0.0,0.0,0.0,0.0,0.0,0.0,0.0,0.0,0.0,0.0,0.0,0.0,0.0,0.0,0.0,0.0,0.0,0.0,0.0,0.0,0.0,0.0,0.0,0.0,0.0,0.0,0.0,0.0,0.0,0.0,0.0,0.0,0.0,0.0,0.0,0.0,0.0,0.0,0.0,0.0,0.0,0.0,0.0,0.0,0.0,0.0,0.0,0.0,0.0,0.0,0.0,0.0,0.0,0.0,0.0,0.0,0.0,0.0,0.0,0.0,0.0,0.0
0.0,0.0,0.0,0.0,0.0,0.0,0.0,0.0,0.0,0.0,0.0,0.0,0.0,0.0,0.0,0.0,0.0,0.0,0.0,0.0,0.0,0.0,0.0,0.0,0.0,0.0,0.0,0.0,0.0,0.0,0.0,0.0,0.0,0.0,0.0,0.0,0.0,0.0,0.0,0.0,0.0,0.0,0.0,0.0,0.0,0.0,0.0,0.0,0.0,0.0,0.0,0.0,0.0,0.0,0.0,0.0,0.0,0.0,0.0,0.0,0.0,0.0,0.0,0.0,0.0,0.0,0.0,0.0,0.0,0.0,0.0,0.0,0.0,0.0,0.0,0.0,0.0,0.0,0.0,0.0,0.0,0.0,0.0,0.0,0.0,0.0,0.0,0.0,0.0,0.0,0.0,0.0,0.0,0.0,0.0,0.0,0.0,0.0,0.0,0.0
0.0,0.0,0.0,0.0,0.0,0.0,0.0,0.0,0.0,0.0,0.0,0.0,0.0,0.0,0.0,0.0,0.0,0.0,0.0,0.0,0.0,0.0,0.0,0.0,0.0,0.0,0.0,0.0,0.0,0.0,0.0,0.0,0.0,0.0,0.0,0.0,0.0,0.0,0.0,0.0,0.0,0.0,0.0,0.0,0.0,0.0,0.0,0.0,0.0,0.0,0.0,0.0,0.0,0.0,0.0,0.0,0.0,0.0,0.0,0.0,0.0,0.0,0.0,0.0,0.0,0.0,0.0,0.0,0.0,0.0,0.0,0.0,0.0,0.0,0.0,0.0,0.0,0.0,0.0,0.0,0.0,0.0,0.0,0.0,0.0,0.0,0.0,0.0,0.0,0.0,0.0,0.0,0.0,0.0,0.0,0.0,0.0,0.0,0.0,0.0
0.0,0.0,0.0,0.0,0.0,0.0,0.0,0.0,0.0,0.0,0.0,0.0,0.0,0.0,0.0,0.0,0.0,0.0,0.0,0.0,0.0,0.0,0.0,0.0,0.0,0.0,0.0,0.0,0.0,0.0,0.0,0.0,0.0,0.0,0.0,0.0,0.0,0.0,0.0,0.0,0.0,0.0,0.0,0.0,0.0,0.0,0.0,0.0,0.0,0.0,0.0,0.0,0.0,0.0,0.0,0.0,0.0,0.0,0.0,0.0,0.0,0.0,0.0,0.0,0.0,0.0,0.0,0.0,0.0,0.0,0.0,0.0,0.0,0.0,0.0,0.0,0.0,0.0,0.0,0.0,0.0,0.0,0.0,0.0,0.0,0.0,0.0,0.0,0.0,0.0,0.0,0.0,0.0,0.0,0.0,0.0,0.0,0.0,0.0,0.0
0.0,0.0,0.0,0.0,0.0,0.0,0.0,0.0,0.0,0.0,0.0,0.0,0.0,0.0,0.0,0.0,0.0,0.0,0.0,0.0,0.0,0.0,0.0,0.0,0.0,0.0,0.0,0.0,0.0,0.0,0.0,0.0,0.0,0.0,0.0,0.0,0.0,0.0,0.0,0.0,0.0,0.0,0.0,0.0,0.0,0.0,0.0,0.0,0.0,0.0,0.0,0.0,0.0,0.0,0.0,0.0,0.0,0.0,0.0,0.0,0.0,0.0,0.0,0.0,0.0,0.0,0.0,0.0,0.0,0.0,0.0,0.0,0.0,0.0,0.0,0.0,0.0,0.0,0.0,0.0,0.0,0.0,0.0,0.0,0.0,0.0,0.0,0.0,0.0,0.0,0.0,0.0,0.0,0.0,0.0,0.0,0.0,0.0,0.0,0.0
0.0,0.0,0.0,0.0,0.0,0.0,0.0,0.0,0.0,0.0,0.0,0.0,0.0,0.0,0.0,0.0,0.0,0.0,0.0,0.0,0.0,0.0,0.0,0.0,0.0,0.0,0.0,0.0,0.0,0.0,0.0,0.0,0.0,0.0,0.0,0.0,0.0,0.0,0.0,0.0,0.0,0.0,0.0,0.0,0.0,0.0,0.0,0.0,0.0,2.9200957863093955e-33,1.8090003178569355e-33,1.2288574573546227e-33,0.0,0.0,0.0,0.0,0.0,0.0,0.0,0.0,0.0,0.0,0.0,0.0,0.0,0.0,0.0,0.0,0.0,0.0,0.0,0.0,0.0,0.0,0.0,0.0,0.0,0.0,0.0,0.0,0.0,0.0,0.0,0.0,0.0,0.0,0.0,0.0,0.0,0.0,0.0,0.0,0.0,0.0,0.0,0.0,0.0,0.0,0.0,0.0
0.0,0.0,0.0,0.0,0.0,0.0,0.0,0.0,0.0,0.0,0.0,0.0,0.0,0.0,0.0,0.0,0.0,0.0,0.0,0.0,0.0,0.0,0.0,0.0,0.0,0.0,0.0,0.0,0.0,0.0,0.0,0.0,0.0,0.0,0.0,0.0,0.0,0.0,0.0,0.0,0.0,0.0,0.0,0.0,0.0,0.0,0.0,0.0,1.1720273419774817e-31,6.396763387048438e-31,4.540279690903544e-31,2.7918605599701442e-31,3.0665722817218443e-32,0.0,0.0,0.0,0.0,0.0,0.0,0.0,0.0,0.0,0.0,0.0,0.0,0.0,0.0,0.0,0.0,0.0,0.0,0.0,0.0,0.0,0.0,0.0,0.0,0.0,0.0,0.0,0.0,0.0,0.0,0.0,0.0,0.0,0.0,0.0,0.0,0.0,0.0,0.0,0.0,0.0,0.0,0.0,0.0,0.0,0.0,0.0
0.0,0.0,0.0,0.0,0.0,0.0,0.0,0.0,0.0,0.0,0.0,0.0,0.0,0.0,0.0,0.0,0.0,0.0,0.0,0.0,0.0,0.0,0.0,0.0,0.0,0.0,0.0,0.0,0.0,0.0,0.0,0.0,0.0,0.0,0.0,0.0,0.0,0.0,0.0,0.0,0.0,0.0,0.0,0.0,0.0,0.0,0.0,2.080789017597578e-30,2.3561160503868214e-29,7.057968355627595e-29,5.370412139141871e-29,3.160220824605693e-29,6.1766969043571694e-30,3.7326033269009483e-31,0.0,0.0,0.0,0.0,0.0,0.0,0.0,0.0,0.0,0.0,0.0,0.0,0.0,0.0,0.0,0.0,0.0,0.0,0.0,0.0,0.0,0.0,0.0,0.0,0.0,0.0,0.0,0.0,0.0,0.0,0.0,0.0,0.0,0.0,0.0,0.0,0.0,0.0,0.0,0.0,0.0,0.0,0.0,0.0,0.0,0.0
0.0,0.0,0.0,0.0,0.0,0.0,0.0,0.0,0.0,0.0,0.0,0.0,0.0,0.0,0.0,0.0,0.0,0.0,0.0,0.0,0.0,0.0,0.0,0.0,0.0,0.0,0.0,0.0,0.0,0.0,0.0,0.0,0.0,0.0,0.0,0.0,0.0,0.0,0.0,0.0,0.0,0.0,0.0,0.0,0.0,0.0,2.22007883012203e-29,3.978717774401335e-28,2.3491736038350463e-27,5.161971417135974e-27,4.0488229835696884e-27,2.344348857991329e-27,6.138643412593612e-28,6.991789673980342e-29,2.5280908434082546e-30,0.0,0.0,0.0,0.0,0.0,0.0,0.0,0.0,0.0,0.0,0.0,0.0,0.0,0.0,0.0,0.0,0.0,0.0,0.0,0.0,0.0,0.0,0.0,0.0,0.0,0.0,0.0,0.0,0.0,0.0,0.0,0.0,0.0,0.0,0.0,0.0,0.0,0.0,0.0,0.0,0.0,0.0,0.0,0.0,0.0
0.0,0.0,0.0,0.0,0.0,0.0,0.0,0.0,0.0,0.0,0.0,0.0,0.0,0.0,0.0,0.0,0.0,0.0,0.0,0.0,0.0,0.0,0.0,0.0,0.0,0.0,0.0,0.0,0.0,0.0,0.0,0.0,0.0,0.0,0.0,0.0,0.0,0.0,0.0,0.0,0.0,0.0,0.0,0.0,0.0,1.6630325503730692e-28,4.058867361849504e-27,3.744728554373186e-26,1.541875541117581e-25,2.7876507586070837e-25,2.202241205864159e-25,1.271215163376389e-25,3.9929058189917345e-26,6.413337428218174e-27,4.384451743613283e-28,1.4518248672589216e-29,0.0,0.0,0.0,0.0,0.0,0.0,0.0,0.0,0.0,0.0,0.0,0.0,0.0,0.0,0.0,0.0,0.0,0.0,0.0,0.0,0.0,0.0,0.0,0.0,0.0,0.0,0.0,0.0,0.0,0.0,0.0,0.0,0.0,0.0,0.0,0.0,0.0,0.0,0.0,0.0,0.0,0.0,0.0,0.0
0.0,0.0,0.0,0.0,0.0,0.0,0.0,0.0,0.0,0.0,0.0,0.0,0.0,0.0,0.0,0.0,0.0,0.0,0.0,0.0,0.0,0.0,0.0,0.0,0.0,0.0,0.0,0.0,0.0,0.0,0.0,0.0,0.0,0.0,0.0,0.0,0.0,0.0,0.0,0.0,0.0,0.0,0.0,0.0,9.755738932840252e-28,2.912222501846108e-26,3.6354135444694647e-25,2.3069048020118247e-24,7.462660177440856e-24,1.1772709882754952e-23,9.238627163003533e-24,5.344596470908174e-24,1.9038622508198027e-24,3.8288777739941174e-25,3.692950609642225e-26,2.4479453734551426e-27,7.685094435462788e-29,0.0,0.0,0.0,0.0,0.0,0.0,0.0,0.0,0.0,0.0,0.0,0.0,0.0,0.0,0.0,0.0,0.0,0.0,0.0,0.0,0.0,0.0,0.0,0.0,0.0,0.0,0.0,0.0,0.0,0.0,0.0,0.0,0.0,0.0,0.0,0.0,0.0,0.0,0.0,0.0,0.0,0.0,0.0
0.0,0.0,0.0,0.0,0.0,0.0,0.0,0.0,0.0,0.0,0.0,0.0,0.0,0.0,0.0,0.0,0.0,0.0,0.0,0.0,0.0,0.0,0.0,0.0,0.0,0.0,0.0,0.0,0.0,0.0,0.0,0.0,0.0,0.0,0.0,0.0,0.0,0.0,0.0,0.0,0.0,0.0,0.0,4.74566788856755e-27,1.645504922710053e-25,2.4899977989603342e-24,2.1225470321279034e-23,1.043687701318647e-22,2.8299604993158277e-22,4.0289748001129454e-22,3.1141221347122384e-22,1.8077630286344387e-22,7.071700618645788e-23,1.6690097372214655e-23,2.007540801087851e-24,2.0176949223853077e-25,1.2694396898297642e-26,3.348044821852345e-28,0.0,0.0,0.0,0.0,0.0,0.0,0.0,0.0,0.0,0.0,0.0,0.0,0.0,0.0,0.0,0.0,0.0,0.0,0.0,0.0,0.0,0.0,0.0,0.0,0.0,0.0,0.0,0.0,0.0,0.0,0.0,0.0,0.0,0.0,0.0,0.0,0.0,0.0,0.0,0.0,0.0,0.0
0.0,0.0,0.0,0.0,0.0,0.0,0.0,0.0,0.0,0.0,0.0,0.0,0.0,0.0,0.0,0.0,0.0,0.0,0.0,0.0,0.0,0.0,0.0,0.0,0.0,0.0,0.0,0.0,0.0,0.0,0.0,0.0,0.0,0.0,0.0,0.0,0.0,0.0,0.0,0.0,0.0,0.0,1.9413507830143965e-26,7.746186912104215e-25,1.3527454065831473e-23,1.3835612715099782e-22,9.069030879916766e-22,3.689397107055239e-21,8.727914604377072e-21,1.144737464141591e-20,8.667140973258647e-21,5.047886259864327e-21,2.1276332781467704e-21,5.676274319245638e-22,8.012649023153561e-23,1.0896522749354757e-23,1.0242690365851007e-24,5.300189988119182e-26,1.3303429363524826e-27,0.0,0.0,0.0,0.0,0.0,0.0,0.0,0.0,0.0,0.0,0.0,0.0,0.0,0.0,0.0,0.0,0.0,0.0,0.0,0.0,0.0,0.0,0.0,0.0,0.0,0.0,0.0,0.0,0.0,0.0,0.0,0.0,0.0,0.0,0.0,0.0,0.0,0.0,0.0,0.0,0.0
0.0,0.0,0.0,0.0,0.0,0.0,0.0,0.0,0.0,0.0,0.0,0.0,0.0,0.0,0.0,0.0,0.0,0.0,0.0,0.0,0.0,0.0,0.0,0.0,0.0,0.0,0.0,0.0,0.0,0.0,0.0,0.0,0.0,0.0,0.0,0.0,0.0,0.0,0.0,0.0,0.0,6.654700174143745e-26,3.0643360817068788e-24,6.155984245197178e-23,7.216762142231197e-22,5.610375562155221e-21,3.018459598319169e-20,1.0588863383130165e-19,2.244784742659714e-19,2.7494597896381126e-19,2.039608559509943e-19,1.2086458629150957e-19,5.497275977195691e-20,1.7141147649772725e-20,3.0886152752313032e-21,4.771714283151354e-22,5.562720012360149e-23,4.155335892022828e-24,2.084564442962957e-25,5.354146707679966e-27,0.0,0.0,0.0,0.0,0.0,0.0,0.0,0.0,0.0,0.0,0.0,0.0,0.0,0.0,0.0,0.0,0.0,0.0,0.0,0.0,0.0,0.0,0.0,0.0,0.0,0.0,0.0,0.0,0.0,0.0,0.0,0.0,0.0,0.0,0.0,0.0,0.0,0.0,0.0,0.0
0.0,0.0,0.0,0.0,0.0,0.0,0.0,0.0,0.0,0.0,0.0,0.0,0.0,0.0,0.0,0.0,0.0,0.0,0.0,0.0,0.0,0.0,0.0,0.0,0.0,0.0,0.0,0.0,0.0,0.0,0.0,0.0,0.0,0.0,0.0,0.0,0.0,0.0,0.0,0.0,1.9069998193724327e-25,1.0107944674092379e-23,2.3509384443812336e-22,3.1722176935395218e-21,2.80687087215352e-20,1.7676982896709856e-19,8.135012645021762e-19,2.532370805554654e-18,4.9087422376880234e-18,5.745597904426761e-18,4.524623475613566e-18,3.214357519037117e-18,1.675799904524967e-18,6.649743932424731e-19,1.4798535705253654e-19,2.5007813448389457e-20,3.0759769600834602e-21,2.7609211206686916e-22,1.7756177060135436e-23,8.523518489424648e-25,2.0500932422488248e-26,0.0,0.0,0.0,0.0,0.0,0.0,0.0,0.0,0.0,0.0,0.0,0.0,0.0,0.0,0.0,0.0,0.0,0.0,0.0,0.0,0.0,0.0,0.0,0.0,0.0,0.0,0.0,0.0,0.0,0.0,0.0,0.0,0.0,0.0,0.0,0.0,0.0,0.0,0.0
0.0,0.0,0.0,0.0,0.0,0.0,0.0,0.0,0.0,0.0,0.0,0.0,0.0,0.0,0.0,0.0,0.0,0.0,0.0,0.0,0.0,0.0,0.0,0.0,0.0,0.0,0.0,0.0,0.0,0.0,0.0,0.0,0.0,0.0,0.0,0.0,0.0,0.0,0.0,4.585699287126796e-25,2.7706326693126626e-23,7.441619125935491e-22,1.1673548857656442e-20,1.1910783893689584e-19,8.477775280275244e-19,4.49944994078614e-18,1.8225032544167016e-17,5.1520473514304507e-17,9.523745884423371e-17,1.277389812527226e-16,1.3324723090557815e-16,1.0970768434434665e-16,6.077322944841635e-17,2.6367314799796174e-17,6.453635716544932e-18,1.236738118747565e-18,1.7526328455647402e-19,1.910054575188692e-20,1.4792513049706726e-21,8.233415730155565e-23,3.2670745522217294e-24,6.476977337745802e-26,0.0,0.0,0.0,0.0,0.0,0.0,0.0,0.0,0.0,0.0,0.0,0.0,0.0,0.0,0.0,0.0,0.0,0.0,0.0,0.0,0.0,0.0,0.0,0.0,0.0,0.0,0.0,0.0,0.0,0.0,0.0,0.0,0.0,0.0,0.0,0.0,0.0,0.0
0.0,0.0,0.0,0.0,0.0,0.0,0.0,0.0,0.0,0.0,0.0,0.0,0.0,0.0,0.0,0.0,0.0,0.0,0.0,0.0,0.0,0.0,0.0,0.0,0.0,0.0,0.0,0.0,0.0,0.0,0.0,0.0,0.0,0.0,0.0,0.0,0.0,0.0,9.328628495502333e-25,6.339476648183856e-23,1.9443596489145448e-21,3.534805561394867e-20,4.2148957983437803e-19,3.471959090567558e-18,2.068521946653641e-17,9.499060179570548e-17,3.465158401427388e-16,9.357693267192633e-16,2.05667228573166e-15,3.5434580824458496e-15,4.063977014995071e-15,3.4945649375254605e-15,1.9872074724719286e-15,9.081514341350863e-16,2.390855830789405e-16,5.1294373260500165e-17,8.297471833303818e-18,1.0755150144210828e-18,1.0178912348788682e-19,7.05045519657797e-21,3.25334241680107e-22,9.876308077735539e-24,1.5470517407263886e-25,0.0,0.0,0.0,0.0,0.0,0.0,0.0,0.0,0.0,0.0,0.0,0.0,0.0,0.0,0.0,0.0,0.0,0.0,0.0,0.0,0.0,0.0,0.0,0.0,0.0,0.0,0.0,0.0,0.0,0.0,0.0,0.0,0.0,0.0,0.0,0.0,0.0
0.0,0.0,0.0,0.0,0.0,0.0,0.0,0.0,0.0,0.0,0.0,0.0,0.0,0.0,0.0,0.0,0.0,0.0,0.0,0.0,0.0,0.0,0.0,0.0,0.0,0.0,0.0,0.0,0.0,0.0,0.0,0.0,0.0,0.0,0.0,0.0,0.0,1.6212380486723092e-24,1.2222525867189804e-22,4.217632820591325e-21,8.76970478543944e-20,1.2164973512603895e-18,1.1786698055505548e-17,8.175901562963145e-17,4.1883840897247505e-16,1.6969389500372982e-15,5.821786375746163e-15,1.8210562074013762e-14,4.8662617678711456e-14,9.089369804876905e-14,1.0974002944101648e-13,9.850288741998238e-14,5.689050992113474e-14,2.6896575104965935e-14,7.604966499315148e-15,1.7959866564800506e-15,3.258442550503452e-16,4.9075735672888594e-17,5.445082554627087e-18,4.527456146233439e-19,2.530643054355983e-20,8.977438355221531e-22,2.145665698394973e-23,2.825754452885116e-25,0.0,0.0,0.0,0.0,0.0,0.0,0.0,0.0,0.0,0.0,0.0,0.0,0.0,0.0,0.0,0.0,0.0,0.0,0.0,0.0,0.0,0.0,0.0,0.0,0.0,0.0,0.0,0.0,0.0,0.0,0.0,0.0,0.0,0.0,0.0,0.0
0.0,0.0,0.0,0.0,0.0,0.0,0.0,0.0,0.0,0.0,0.0,0.0,0.0,0.0,0.0,0.0,0.0,0.0,0.0,0.0,0.0,0.0,0.0,0.0,0.0,0.0,0.0,0.0,0.0,0.0,0.0,0.0,0.0,0.0,0.0,0.0,2.4302981936686492e-24,2.0074364960480576e-22,7.678982469509764e-21,1.7961555102257956e-19,2.8532639031227274e-18,3.228683063730269e-17,2.6549558062015524e-16,1.5982641787606602e-15,7.179906893434522e-15,2.6349933724946942e-14,9.730602449815416e-14,3.5039245927267754e-13,9.904532272512366e-13,1.9767206252266205e-12,2.5716079190173877e-12,2.4742906548093274e-12,1.4422530929368615e-12,6.889192098001267e-13,2.130891259378427e-13,5.3988582616887974e-14,1.086513391991878e-14,1.867800584383286e-15,2.3139900610048444e-16,2.1658644889630552e-17,1.3783418754802599e-18,5.819067767582974e-20,1.6426324210432532e-21,3.510435101729975e-23,4.457390274261129e-25,0.0,0.0,0.0,0.0,0.0,0.0,0.0,0.0,0.0,0.0,0.0,0.0,0.0,0.0,0.0,0.0,0.0,0.0,0.0,0.0,0.0,0.0,0.0,0.0,0.0,0.0,0.0,0.0,0.0,0.0,0.0,0.0,0.0,0.0,0.0
0.0,0.0,0.0,0.0,0.0,0.0,0.0,0.0,0.0,0.0,0.0,0.0,0.0,0.0,0.0,0.0,0.0,0.0,0.0,0.0,0.0,0.0,0.0,0.0,0.0,0.0,0.0,0.0,0.0,0.0,0.0,0.0,0.0,0.0,0.0,3.168374416818754e-24,2.8376803191688272e-22,1.1878467240816303e-20,3.076391058786844e-19,5.493645801958338e-18,7.123887346051038e-17,6.867238703394507e-16,4.945755413836926e-15,2.645923546841319e-14,1.0612949566720666e-13,3.7811013452858404e-13,1.5270126725068174e-12,5.58537252758425e-12,1.626997767346713e-11,3.5102957070268135e-11,5.157510324202131e-11,5.6428938203800695e-11,3.3285079301880545e-11,1.5264174075552202e-11,5.248573875891154e-12,1.4096097794682824e-12,3.1755718991523825e-13,6.109456964162999e-14,7.863115060928885e-15,7.713860560993574e-16,5.270244693267008e-17,2.5370843455906764e-18,8.666594357342021e-20,2.228152695889723e-21,5.267659363485428e-23,7.0552867753533345e-25,0.0,0.0,0.0,0.0,0.0,0.0,0.0,0.0,0.0,0.0,0.0,0.0,0.0,0.0,0.0,0.0,0.0,0.0,0.0,0.0,0.0,0.0,0.0,0.0,0.0,0.0,0.0,0.0,0.0,0.0,0.0,0.0,0.0,0.0
0.0,0.0,0.0,0.0,0.0,0.0,0.0,0.0,0.0,0.0,0.0,0.0,0.0,0.0,0.0,0.0,0.0,0.0,0.0,0.0,0.0,0.0,0.0,0.0,0.0,0.0,0.0,0.0,0.0,0.0,0.0,0.0,0.0,0.0,3.6150353983623224e-24,3.4817174743180883e-22,1.5783084750881713e-20,4.466254682301045e-19,8.816071191432764e-18,1.2833298810883384e-16,1.4174381476602456e-15,1.2004941157737777e-14,7.761226438313677e-14,3.7676686899837464e-13,1.3815778535375809e-12,4.990447085991067e-12,1.9906876770288764e-11,7.125466764633843e-11,2.0984387759054368e-10,4.8537824967889e-10,8.320254808940034e-10,1.003516914901175e-09,6.630345171962289e-10,3.1440747102667714e-10,1.1405785500879373e-10,3.262294549390264e-11,7.982503046759853e-12,1.5902472959770177e-12,2.044368719386761e-13,1.9870822237051337e-14,1.4192718282163026e-15,7.623931089049458e-17,3.0881693333907e-18,9.744226334394387e-20,3.070962155503351e-21,8.467643784076752e-23,1.1480618275680955e-24,0.0,0.0,0.0,0.0,0.0,0.0,0.0,0.0,0.0,0.0,0.0,0.0,0.0,0.0,0.0,0.0,0.0,0.0,0.0,0.0,0.0,0.0,0.0,0.0,0.0,0.0,0.0,0.0,0.0,0.0,0.0,0.0,0.0
0.0,0.0,0.0,0.0,0.0,0.0,0.0,0.0,0.0,0.0,0.0,0.0,0.0,0.0,0.0,0.0,0.0,0.0,0.0,0.0,0.0,0.0,0.0,0.0,0.0,0.0,0.0,0.0,0.0,0.0,0.0,0.0,0.0,3.624828381091949e-24,3.730399821387925e-22,1.816684108860553e-20,5.559538993117933e-19,1.196895986902199e-17,1.9216484074935583e-16,2.3771176014814144e-15,2.3035462723527336e-14,1.7546392658410993e-13,1.0392990669532356e-12,4.666980780671293e-12,1.6008737641579674e-11,5.6572809645548414e-11,2.1445225923239206e-10,7.378167895202251e-10,2.142667701705034e-09,5.125237575537683e-09,1.0656526896073695e-08,1.4384935200188143e-08,1.1573677166748843e-08,5.765253866154168e-09,2.184444383990198e-09,6.573550307934612e-10,1.731041007573849e-10,3.26931070496975e-11,4.036836285474756e-12,3.6609282207028987e-13,2.752308595719248e-14,1.6511570924688569e-15,7.808273918631309e-17,3.014681072622593e-18,1.194260365279528e-19,5.024391458988388e-21,1.3842527193921797e-22,1.727652871678741e-24,0.0,0.0,0.0,0.0,0.0,0.0,0.0,0.0,0.0,0.0,0.0,0.0,0.0,0.0,0.0,0.0,0.0,0.0,0.0,0.0,0.0,0.0,0.0,0.0,0.0,0.0,0.0,0.0,0.0,0.0,0.0,0.0
0.0,0.0,0.0,0.0,0.0,0.0,0.0,0.0,0.0,0.0,0.0,0.0,0.0,0.0,0.0,0.0,0.0,0.0,0.0,0.0,0.0,0.0,0.0,0.0,0.0,0.0,0.0,0.0,0.0,0.0,0.0,0.0,3.2007741804339563e-24,3.5025703774242667e-22,1.8215116268129765e-20,5.982841486002083e-19,1.390990707476571e-17,2.4308474855253804e-16,3.3076018775838614e-15,3.577997445317193e-14,3.10875606671046e-13,2.1689247132523437e-12,1.1977455523360461e-11,5.062902355196393e-11,1.6821786404263276e-10,5.877089400872601e-10,2.1169003809581647e-09,6.987745725102122e-09,1.9821648371715294e-08,4.710501046271432e-08,9.952636414203518e-08,1.4015926547389454e-07,1.4703689979174194e-07,9.296692296896339e-08,3.706219410438971e-08,1.1646931341431212e-08,2.8667210376193923e-09,4.5265293579424024e-10,5.5575123755515235e-11,5.31686565499386e-12,4.40542549544598e-13,2.9567316624665633e-14,1.6032618748299326e-15,7.370160522161662e-17,3.47641139763136e-18,1.9533137660296084e-19,8.126357341531779e-21,1.9871085464107837e-22,2.1725928725207587e-24,0.0,0.0,0.0,0.0,0.0,0.0,0.0,0.0,0.0,0.0,0.0,0.0,0.0,0.0,0.0,0.0,0.0,0.0,0.0,0.0,0.0,0.0,0.0,0.0,0.0,0.0,0.0,0.0,0.0,0.0,0.0
0.0,0.0,0.0,0.0,0.0,0.0,0.0,0.0,0.0,0.0,0.0,0.0,0.0,0.0,0.0,0.0,0.0,0.0,0.0,0.0,0.0,0.0,0.0,0.0,0.0,0.0,0.0,0.0,0.0,0.0,0.0,2.4894148680909374e-24,2.8855552917206714e-22,1.5952373752720118e-20,5.592589276415391e-19,1.3944119847931396e-17,2.628154614370102e-16,3.88446668418486e-15,4.607922361203172e-14,4.450063238339457e-13,3.5231805243127452e-12,2.2841049348429467e-11,1.1959925826774586e-10,4.899227569851017e-10,1.655726978439076e-09,5.617039637926789e-09,1.939980569447551e-08,6.279274725084427e-08,1.809637253114103e-07,4.5357140630836967e-07,8.341922174029918e-07,1.1290251708403676e-06,1.2392901035293532e-06,1.0658704866716701e-06,5.574559259486963e-07,1.577620194490989e-07,3.1011341953611865e-08,4.8043510091557485e-09,6.425474121988038e-10,7.309128433297217e-11,6.4350093618518185e-12,4.615104572194245e-13,2.7706022011404763e-14,1.4870650685729978e-15,8.550760312903618e-17,5.7444042718587555e-18,3.087704092578395e-19,1.0857286828699433e-20,2.277596632092156e-22,2.185748273232348e-24,0.0,0.0,0.0,0.0,0.0,0.0,0.0,0.0,0.0,0.0,0.0,0.0,0.0,0.0,0.0,0.0,0.0,0.0,0.0,0.0,0.0,0.0,0.0,0.0,0.0,0.0,0.0,0.0,0.0,0.0
0.0,0.0,0.0,0.0,0.0,0.0,0.0,0.0,0.0,0.0,0.0,0.0,0.0,0.0,0.0,0.0,0.0,0.0,0.0,0.0,0.0,0.0,0.0,0.0,0.0,0.0,0.0,0.0,0.0,0.0,1.702887063863994e-24,2.084326310823807e-22,1.2205847009045793e-20,4.548422501866847e-19,1.2101017059254369e-17,2.4444451842458705e-16,3.892344962376405e-15,5.00604714502386e-14,5.285051498364372e-13,4.627466183512504e-12,3.378087193517276e-11,2.0556774327006094e-10,1.034538298546433e-09,4.22299775750653e-09,1.4004630411975348e-08,4.4190366963105305e-08,1.434883163087167e-07,4.4337602383293675e-07,1.2324066124208887e-06,2.9958074692803125e-06,5.626916810340012e-06,7.66174097472379e-06,8.531527191090579e-06,7.501798489667359e-06,4.088761196726908e-06,1.2804212199126338e-06,2.5522630491781433e-07,4.128170354989939e-08,5.963270605610323e-09,7.314114632296299e-10,6.854443022930956e-11,5.325360571236012e-12,3.58934889418614e-13,2.2910633394095786e-14,1.6883307325867852e-15,1.3546571944367982e-16,8.381281773694215e-18,3.6883340637797696e-19,1.1050304567233069e-20,2.0374476828012923e-22,1.7549864584306603e-24,0.0,0.0,0.0,0.0,0.0,0.0,0.0,0.0,0.0,0.0,0.0,0.0,0.0,0.0,0.0,0.0,0.0,0.0,0.0,0.0,0.0,0.0,0.0,0.0,0.0,0.0,0.0,0.0,0.0
0.0,0.0,0.0,0.0,0.0,0.0,0.0,0.0,0.0,0.0,0.0,0.0,0.0,0.0,0.0,0.0,0.0,0.0,0.0,0.0,0.0,0.0,0.0,0.0,0.0,0.0,0.0,0.0,0.0,1.0215199233300713e-24,1.3168415366978067e-22,8.144736296960545e-21,3.215499531203867e-19,9.09386209538293e-18,1.960006536825315e-16,3.3438416105241113e-15,4.62974240476458e-14,5.291668642692493e-13,5.051543475304525e-12,4.05846857041219e-11,2.755273878674126e-10,1.5807096787115647e-09,7.618530227950297e-09,3.035358530479413e-08,9.800449736767789e-08,2.8668043762126984e-07,8.64013024685091e-07,2.4977932279735696e-06,6.522638024518111e-06,1.5112849654862968e-05,3.1843225079509494e-05,4.434830011065548e-05,4.877762486464244e-05,3.5872659517748815e-05,1.822762949264748e-05,6.645114185385873e-06,1.692302531930482e-06,2.9441026838927863e-07,4.512746012756038e-08,5.239352708825476e-09,5.245001696779638e-10,4.548656527765304e-11,3.5421563625538708e-12,2.751850852153831e-13,2.561883897333211e-14,2.3459854861077872e-15,1.6390288194421097e-16,8.541359333016364e-18,3.258439976650128e-19,8.666388505267405e-21,1.444297396629427e-22,1.1402914037886957e-24,0.0,0.0,0.0,0.0,0.0,0.0,0.0,0.0,0.0,0.0,0.0,0.0,0.0,0.0,0.0,0.0,0.0,0.0,0.0,0.0,0.0,0.0,0.0,0.0,0.0,0.0,0.0,0.0
0.0,0.0,0.0,0.0,0.0,0.0,0.0,0.0,0.0,0.0,0.0,0.0,0.0,0.0,0.0,0.0,0.0,0.0,0.0,0.0,0.0,0.0,0.0,0.0,0.0,0.0,0.0,0.0,5.350134115461135e-25,7.247219316290063e-23,4.722647099718474e-21,1.9699658272111238e-19,5.904526015500481e-18,1.353177560038869e-16,2.463589610237969e-15,3.6545205331172395e-14,4.495213034816122e-13,4.641812537676691e-12,4.0587751750047655e-11,3.0225999594054947e-10,1.923380395567321e-09,1.0463689410908741e-08,4.8492355510344186e-08,1.891475842592534e-07,6.067081019142688e-07,1.7097695320291967e-06,4.870973839994319e-06,1.3433951740021354e-05,3.3828343917126645e-05,7.613908340936088e-05,0.00016040408817769692,0.0002160943820769722,0.00020581750278475012,0.00013902594523353205,7.023136109380587e-05,2.598438428611902e-05,8.011357333068234e-06,1.7279214055434682e-06,2.962719863514678e-07,3.560550788774894e-08,3.813504472196967e-09,3.6253767152343976e-10,3.2074338400330416e-11,2.9755171619438735e-12,3.2348507686249914e-13,3.1921286737240265e-14,2.4316129008622703e-15,1.4349743759970404e-16,6.52300106657447e-18,2.223935986826434e-19,5.381996145226923e-21,8.273087823346134e-23,6.088596607449289e-25,0.0,0.0,0.0,0.0,0.0,0.0,0.0,0.0,0.0,0.0,0.0,0.0,0.0,0.0,0.0,0.0,0.0,0.0,0.0,0.0,0.0,0.0,0.0,0.0,0.0,0.0,0.0
0.0,0.0,0.0,0.0,0.0,0.0,0.0,0.0,0.0,0.0,0.0,0.0,0.0,0.0,0.0,0.0,0.0,0.0,0.0,0.0,0.0,0.0,0.0,0.0,0.0,0.0,0.0,2.4317298123412383e-25,3.454468447423381e-23,2.3667248149491248e-21,1.0407145281067175e-19,3.2976267268270115e-18,8.013710588131534e-17,1.5521291949215503e-15,2.458125860894926e-14,3.2404644659775665e-13,3.6013079895452883e-12,3.405049187833727e-11,2.756739785822701e-10,1.919420343605307e-09,1.152367893664563e-08,5.972029143589833e-08,2.669533280020116e-07,1.0252613967791669e-06,3.3501252225216195e-06,9.407252708232612e-06,2.5427460856614103e-05,6.67129665192276e-05,0.00016009985882723153,0.00033310467841297237,0.0005810489739232381,0.0007630017448202503,0.0006851531950649722,0.0004618106703330883,0.00023770832713818841,8.62323218265816e-05,2.8576439559731528e-05,7.25799164050903e-06,1.3916703456190829e-06,2.0228246924522635e-07,2.4456932602877153e-08,2.5940627206343774e-09,2.638617712654424e-10,2.925324322029998e-11,3.4760645427481813e-12,3.458418544845257e-13,2.7667731718264918e-14,1.790292034323706e-15,9.315870863081404e-17,3.826570563765582e-18,1.1990161757452342e-19,2.699762882355694e-21,3.8970955027637426e-23,2.7125607994329626e-25,0.0,0.0,0.0,0.0,0.0,0.0,0.0,0.0,0.0,0.0,0.0,0.0,0.0,0.0,0.0,0.0,0.0,0.0,0.0,0.0,0.0,0.0,0.0,0.0,0.0,0.0
0.0,0.0,0.0,0.0,0.0,0.0,0.0,0.0,0.0,0.0,0.0,0.0,0.0,0.0,0.0,0.0,0.0,0.0,0.0,0.0,0.0,0.0,0.0,0.0,0.0,0.0,9.515243937541943e-26,1.415144366728345e-23,1.0175146654963444e-21,4.70768338574564e-20,1.5737230372166216e-18,4.04621395328684e-17,8.316648824155672e-16,1.402293666439397e-14,1.9750199195388974e-13,2.3539103197709986e-12,2.3965804676574343e-11,2.0986145815740476e-10,1.588122730475872e-09,1.0418697324225524e-08,5.936315182231665e-08,2.939936769417091e-07,1.2655884275407114e-06,4.733715491340257e-06,1.537466662922515e-05,4.3475658530350225e-05,0.0001118739773084472,0.0002760937610666194,0.0006232812738633166,0.0011991997505643897,0.001836979236167156,0.002112414574730543,0.0017850557967611113,0.0012310881656153979,0.0006741955152345496,0.0002337352273041637,8.311497327146747e-05,2.499411256163091e-05,5.512019999005829e-06,9.214546094880703e-07,1.2514083470294285e-07,1.5031565823722378e-08,1.7973015771264995e-09,2.333016740134117e-10,2.803332045562022e-11,2.8158922098407812e-12,2.3669780104408e-13,1.6655509636476707e-14,9.739317814039173e-16,4.6628719871660985e-17,1.7844575842274815e-18,5.2569170835850046e-20,1.120446099831712e-21,1.5389956435118296e-23,1.023547644196441e-25,0.0,0.0,0.0,0.0,0.0,0.0,0.0,0.0,0.0,0.0,0.0,0.0,0.0,0.0,0.0,0.0,0.0,0.0,0.0,0.0,0.0,0.0,0.0,0.0,0.0
0.0,0.0,0.0,0.0,0.0,0.0,0.0,0.0,0.0,0.0,0.0,0.0,0.0,0.0,0.0,0.0,0.0,0.0,0.0,0.0,0.0,0.0,0.0,0.0,0.0,3.1717326242721676e-26,4.931386975968548e-24,3.7157747001135286e-22,1.8060930593596733e-20,6.359342679335392e-19,1.7268810887461357e-17,3.7595164649496377e-16,6.734513336726949e-15,1.0109322274378027e-13,1.2886170455530121e-12,1.4083967823452867e-11,1.3292634093283555e-10,1.0889237751176623e-09,7.769641751893187e-09,4.8390330464854386e-08,2.633415488654768e-07,1.2523750780776052e-06,5.2021613383185006e-06,1.8863419202870362e-05,5.9745375480471515e-05,0.0001660722888823969,0.00041246628702821614,0.0009521020663345189,0.0020096583249919198,0.003606404678125269,0.005116653131784891,0.005490234712520549,0.004533476089248321,0.003082960319819406,0.0016443483598705523,0.0006332482184681826,0.0002311888912261724,7.294125670815562e-05,1.76203733009551e-05,3.2923927945115723e-06,5.050528205729139e-07,7.033545074978739e-08,9.99429248257883e-09,1.382548412399347e-09,1.6634829351370823e-10,1.7234904421316017e-11,1.537787603360613e-12,1.176975920795608e-13,7.664468973152828e-15,4.1934565174841824e-16,1.8930407246046767e-17,6.869180520382918e-19,1.9268871743387807e-20,3.923629143375676e-22,5.162961396033244e-24,3.2973472828237106e-26,0.0,0.0,0.0,0.0,0.0,0.0,0.0,0.0,0.0,0.0,0.0,0.0,0.0,0.0,0.0,0.0,0.0,0.0,0.0,0.0,0.0,0.0,0.0,0.0
0.0,0.0,0.0,0.0,0.0,0.0,0.0,0.0,0.0,0.0,0.0,0.0,0.0,0.0,0.0,0.0,0.0,0.0,0.0,0.0,0.0,0.0,0.0,0.0,8.881329819225294e-27,1.4419273709729172e-24,1.1373676683660613e-22,5.801747882290903e-21,2.1493603380133604e-19,6.157161731305248e-18,1.417932941054718e-16,2.694464192481339e-15,4.3036063362064204e-14,5.855437927557233e-13,6.8542655606909914e-12,6.954000693838274e-11,6.147898736517764e-10,4.754466071500188e-09,3.2244708268643376e-08,1.9204689151071007e-07,1.004907321577865e-06,4.617488144482502e-06,1.8608428691047628e-05,6.565878588413116e-05,0.00020254013512799126,0.0005465941504373768,0.0013010392679876307,0.0028013064700570054,0.0055234026133737174,0.009368155379700234,0.012693231305321446,0.013207953303023122,0.01074564261305051,0.007231866088006299,0.0038398831912691755,0.001565888052239524,0.0005792444991278995,0.0001867979258723381,4.7576030838696485e-05,9.673097578974168e-06,1.670482498362798e-06,2.7189976220124246e-07,4.2740928810279674e-08,6.016146382062752e-09,7.46570299260237e-10,8.148253440780908e-11,7.793104553584242e-12,6.493881667241259e-13,4.677121904158595e-14,2.880873625613801e-15,1.4963288607609453e-16,6.430210095735611e-18,2.226166343740129e-19,5.969741830199782e-21,1.1642276821121076e-22,1.4698967368809325e-24,9.023671549052946e-27,0.0,0.0,0.0,0.0,0.0,0.0,0.0,0.0,0.0,0.0,0.0,0.0,0.0,0.0,0.0,0.0,0.0,0.0,0.0,0.0,0.0,0.0,0.0
0.0,0.0,0.0,0.0,0.0,0.0,0.0,0.0,0.0,0.0,0.0,0.0,0.0,0.0,0.0,0.0,0.0,0.0,0.0,0.0,0.0,0.0,0.0,2.0511712380400135e-27,3.473536400168308e-25,2.866032452544429e-23,1.5335519629121445e-21,5.975245482271305e-20,1.804972318656784e-18,4.3948075508449874e-17,8.853786510017453e-16,1.503419032703383e-14,2.1810729219053182e-13,2.730718526826418e-12,2.972929919893173e-11,2.830385315324974e-10,2.3662054920060112e-09,1.7420300551564737e-08,1.1314670284526443e-07,6.48913710106976e-07,3.2861559340955703e-06,1.4681914765685879e-05,5.7777235773264355e-05,0.00019978324537761784,0.000605140566806005,0.0016004786542792092,0.003690032509822697,0.007455410395666872,0.013460239648263863,0.021542978373188134,0.028256482269555537,0.028860074766774223,0.023103490137573263,0.015410473375252125,0.008230938543834464,0.0034507607283191005,0.0012825648676268796,0.0004180039010158117,0.00011030809909682226,2.40834654517758e-05,4.6698573799506366e-06,8.442407429025533e-07,1.3845867446468745e-07,2.0338513775487768e-08,2.66397619453993e-09,3.09872078183205e-10,3.185883595958616e-11,2.878967789096803e-12,2.271121494591864e-13,1.5508033210041195e-14,9.067744689358548e-16,4.4766531326801544e-17,1.8310329487294212e-18,6.042605020270923e-20,1.5471541793015753e-21,2.88608597831957e-23,3.4921868542657527e-25,2.058922939108361e-27,0.0,0.0,0.0,0.0,0.0,0.0,0.0,0.0,0.0,0.0,0.0,0.0,0.0,0.0,0.0,0.0,0.0,0.0,0.0,0.0,0.0,0.0
0.0,0.0,0.0,0.0,0.0,0.0,0.0,0.0,0.0,0.0,0.0,0.0,0.0,0.0,0.0,0.0,0.0,0.0,0.0,0.0,0.0,0.0,3.811521479608615e-28,6.741021603600855e-26,5.8075136980683676e-24,3.2568781109097623e-22,1.3350665423513834e-20,4.2555380720824564e-19,1.0962744842675007e-17,2.3428242608091525e-16,4.231221384019473e-15,6.546356641604545e-14,8.765166289522788e-13,1.023505714869317e-11,1.0483824631879208e-10,9.461063195028734e-10,7.546111333306799e-09,5.330958661542804e-08,3.33996554043884e-07,1.8567185369900429e-06,9.156065314874643e-06,4.001351131997568e-05,0.00015470015315653587,0.000527784778159573,0.0015833877035830147,0.0041578169072741915,0.009499615372701116,0.018755044036324973,0.031824884049671265,0.046435287568155445,0.05750950131209034,0.05743347665363132,0.04491032568970101,0.029612709700498428,0.01591975359592177,0.006758635647805022,0.0025042055391680186,0.0008179589124463309,0.00022205544243667023,5.201228821656637e-05,1.102988796795003e-05,2.1220279868592436e-06,3.6773939579201505e-07,5.714566348414921e-08,7.934846622102787e-09,9.811257246558389e-10,1.0763400919523347e-10,1.043211265213303e-11,8.88721683276391e-13,6.612395919841077e-14,4.262205763532347e-15,2.355309815910052e-16,1.1005415928752653e-17,4.2676825991103e-19,1.3378158560242735e-20,3.260640613488584e-22,5.803379064234598e-24,6.71674574446726e-26,3.7980427162694194e-28,0.0,0.0,0.0,0.0,0.0,0.0,0.0,0.0,0.0,0.0,0.0,0.0,0.0,0.0,0.0,0.0,0.0,0.0,0.0,0.0,0.0
0.0,0.0,0.0,0.0,0.0,0.0,0.0,0.0,0.0,0.0,0.0,0.0,0.0,0.0,0.0,0.0,0.0,0.0,0.0,0.0,0.0,5.593037938752205e-29,1.0227470568967112e-26,9.313413577530764e-25,5.429501545683403e-23,2.3261744180234278e-21,7.823703716399304e-20,2.137193577659038e-18,4.85714670633421e-17,9.35179327788622e-16,1.5461892942628445e-14,2.2177493744068003e-13,2.7811048196618306e-12,3.067305667583655e-11,2.988775699604793e-10,2.5816097092604264e-09,1.9815295175047862e-08,1.353699031095151e-07,8.238415508262368e-07,4.4675753903344045e-06,2.157986617567405e-05,9.275916855856336e-05,0.0003542486841449966,0.0011992403664369293,0.0035872081549182884,0.009438105111292911,0.02169667850887613,0.04314049398805251,0.0730543218716116,0.10300953209507488,0.1177601403577423,0.10971511503171201,0.08170400263368108,0.051939409797018575,0.02785883383992947,0.011839522161370573,0.00435677565660512,0.0014217575861596985,0.0004022565102447749,0.00010139822312460395,2.2958415887011443e-05,4.66409884032337e-06,8.488364846058564e-07,1.3820157951159423e-07,2.0100523605644538e-08,2.6070948656990276e-09,3.008914379227154e-10,3.081326503938732e-11,2.7896638974818093e-12,2.2223029501495174e-13,1.5482844608863887e-14,9.360049011186372e-16,4.859887826606618e-17,2.1378724493831533e-18,7.821848622317371e-20,2.3189452079007226e-21,5.359330429977581e-23,9.070975037093476e-25,1.0015633439697595e-26,5.421848046917591e-29,0.0,0.0,0.0,0.0,0.0,0.0,0.0,0.0,0.0,0.0,0.0,0.0,0.0,0.0,0.0,0.0,0.0,0.0,0.0,0.0
0.0,0.0,0.0,0.0,0.0,0.0,0.0,0.0,0.0,0.0,0.0,0.0,0.0,0.0,0.0,0.0,0.0,0.0,0.0,0.0,6.8969287507425e-30,1.2709885874479634e-27,1.1811720401081561e-25,7.386450395793328e-24,3.238256201066794e-22,1.0976336915101836e-20,3.1325131807494105e-19,7.58823698271325e-18,1.5657653559170216e-16,2.7806405766972296e-15,4.292037026027946e-14,5.80301673212098e-13,6.913952289730697e-12,7.292820547807296e-11,6.834373745763787e-10,5.705333766668829e-09,4.250660246562714e-08,2.829778223880106e-07,1.6843955483769731e-06,8.965590503820405e-06,4.2657448059396356e-05,0.00018127222077751382,0.0006871115341166551,0.002318972289158094,0.006950878844573301,0.018435306156151934,0.0430098299144466,0.0873854137906575,0.1519084460161496,0.21878110976399262,0.24638167808158823,0.22061956188917298,0.15458986282306456,0.09055238376042436,0.04576655244078472,0.01950341857479791,0.0072830424578650245,0.002410532570455356,0.0007075804729183037,0.00018515539871226839,4.3298931022053666e-05,9.058699776511069e-06,1.696313570055133e-06,2.8432488685805225e-07,4.264101540351935e-08,5.717156657282476e-09,6.843517187539946e-10,7.299014585747646e-11,6.917609411595717e-12,5.804886494541237e-13,4.292857824473611e-14,2.7809438641390237e-15,1.565823311535646e-16,7.585493699954456e-18,3.1194010561263037e-19,1.0692273409421449e-20,2.977152199976487e-22,6.4808794121929635e-24,1.0367800182022586e-25,1.0864238620482714e-27,5.608679171738164e-30,0.0,0.0,0.0,0.0,0.0,0.0,0.0,0.0,0.0,0.0,0.0,0.0,0.0,0.0,0.0,0.0,0.0,0.0,0.0
0.0,0.0,0.0,0.0,0.0,0.0,0.0,0.0,0.0,0.0,0.0,0.0,0.0,0.0,0.0,0.0,0.0,0.0,0.0,6.030987069059109e-31,1.2655455921342578e-28,1.199665183340641e-26,7.74089243363207e-25,3.7803074451273295e-23,1.358508407689866e-21,3.751634932789036e-20,8.746224629810045e-19,1.893436704106442e-17,3.6364913583434915e-16,6.0962733150313605e-15,8.9603169072749e-14,1.1614974485939719e-12,1.3342257944953137e-11,1.3632646577605563e-10,1.2425550496592164e-09,1.0124235386911717e-08,7.385397485305746e-08,4.828003219435581e-07,2.829778108461168e-06,1.4871494328503002e-05,7.005520190275196e-05,0.00029562213392600635,0.0011164757535950362,0.0037693001393183214,0.011357543987307043,0.03047150542950855,0.07249419415877646,0.15174391813373403,0.27517483155796746,0.41765336358208105,0.4717609110099748,0.4180404215028519,0.27580030676806255,0.1525133166603949,0.07319138656055021,0.03077996961451618,0.011460465059370116,0.003798054253987294,0.0011231328951644107,0.0002969267784946241,7.02751714331494e-05,1.4903705088217912e-05,2.8338963581600636e-06,4.832612326334536e-07,7.38991570281959e-08,1.0128110806833894e-08,1.2428451836375858e-09,1.3634535052011516e-10,1.3343320843085858e-11,1.1615487917291878e-12,8.960523784865737e-14,6.096268561589363e-15,3.635515310235328e-16,1.885527820180818e-17,8.419136861189252e-19,3.1936932316791997e-20,1.0109168241161495e-21,2.6037338761439596e-23,5.256343741028038e-25,7.827863104549458e-27,7.678232196686824e-29,3.7391149524946516e-31,0.0,0.0,0.0,0.0,0.0,0.0,0.0,0.0,0.0,0.0,0.0,0.0,0.0,0.0,0.0,0.0,0.0,0.0
0.0,0.0,0.0,0.0,0.0,0.0,0.0,0.0,0.0,0.0,0.0,0.0,0.0,0.0,0.0,0.0,0.0,0.0,2.5246118486334555e-32,6.658267211947692e-30,7.757128035905473e-28,5.337695624889596e-26,2.8400747629419354e-24,1.2054906947842364e-22,3.841212073604315e-21,9.460789042019265e-20,1.885461711465759e-18,3.3758670305393033e-17,6.031595336625851e-16,9.75733075992825e-15,1.3939179212014148e-13,1.763090573410229e-12,1.9824286173999143e-11,1.9880367002811632e-10,1.7825726005983646e-09,1.431787824010551e-08,1.031550404655686e-07,6.67183618774873e-07,3.875478783857768e-06,2.021894677726491e-05,9.47213085788896e-05,0.00039829297317682836,0.0015023676402810258,0.0050803872651939705,0.015391185810040254,0.04173563745762512,0.10112646638412293,0.21823601717433222,0.4175354117136504,0.8136244477015437,0.9039414950341514,0.8136987231745861,0.41766401721030105,0.21839714069557786,0.10127333521395425,0.04180824509117926,0.015417149995944658,0.005087851599889869,0.0015041363462804337,0.0003986452401556416,9.478112233955358e-05,2.022768652315165e-05,3.87658399957928e-06,6.673049433420507e-07,1.0316661164570058e-07,1.4318836135927377e-08,1.782641248121209e-09,1.988079105139305e-10,1.9824510481840605e-11,1.7631003501762717e-12,1.393913788156111e-13,9.755860339520734e-15,6.012771304455286e-16,3.241729797692336e-17,1.516091528629862e-18,6.085190005443097e-20,2.067346193444895e-21,5.836938636595777e-23,1.3355744369074524e-24,2.387841343680931e-26,3.1475936160801842e-28,2.7459601374509144e-30,1.2061646557790993e-32,0.0,0.0,0.0,0.0,0.0,0.0,0.0,0.0,0.0,0.0,0.0,0.0,0.0,0.0,0.0,0.0,0.0
0.0,0.0,0.0,0.0,0.0,0.0,0.0,0.0,0.0,0.0,0.0,0.0,0.0,0.0,0.0,0.0,0.0,0.0,3.903599425622963e-32,1.2184366827933107e-29,1.51288436160694e-27,1.038984139951935e-25,5.525385346532266e-24,2.2906688490526527e-22,6.976093733767867e-21,1.6269032640520902e-19,3.0526284689006666e-18,4.828249274097102e-17,7.296365338712877e-16,1.1398185625803785e-14,1.6124358460172824e-13,2.024166843502042e-12,2.260839101356335e-11,2.2538200180009434e-10,2.010295372804976e-09,1.607243258575702e-08,1.153290534412538e-07,7.433314332007753e-07,4.305169935908543e-06,2.240753256976554e-05,0.00010478785001088317,0.0004401282589902342,0.0016595845132466995,0.005615290040292992,0.01704141833113655,0.046357526492473815,0.11286219056819849,0.24503824145426775,0.47146825788776786,0.9038884509123312,1.0053985474189144,0.9039024308439089,0.4714927689063816,0.2450689316479356,0.11289018110793528,0.04637241824398482,0.017047072626572672,0.005616992612748179,0.0016600028569529013,0.00044021368934935696,0.00010480255043286155,2.2409683974350124e-05,4.3054393291292125e-06,7.433603918343365e-07,1.1533172883373013e-07,1.6072644832880145e-08,2.0103097918770485e-09,2.2538283639816505e-10,2.260843069045405e-11,2.0241643795954146e-12,1.6123320530453043e-13,1.1379148544928942e-14,7.078438557462099e-16,3.855182058663943e-17,1.8227631674434266e-18,7.399398385050818e-20,2.541580251677824e-21,7.241646556827857e-23,1.6642820874725558e-24,2.958825257399016e-26,3.8033128850420563e-28,3.1199106588009275e-30,1.2061646557730517e-32,0.0,0.0,0.0,0.0,0.0,0.0,0.0,0.0,0.0,0.0,0.0,0.0,0.0,0.0,0.0,0.0,0.0
0.0,0.0,0.0,0.0,0.0,0.0,0.0,0.0,0.0,0.0,0.0,0.0,0.0,0.0,0.0,0.0,0.0,0.0,6.560100960391869e-32,1.8929929986976818e-29,2.199527833292647e-27,1.417309199550272e-25,7.409058468299974e-24,2.9505719576817697e-22,8.5579345796127e-21,1.9093240593509775e-19,3.466803967756621e-18,5.307590140763812e-17,7.134421391052869e-16,9.898791182065185e-15,1.3947582064555827e-13,1.763125253522905e-12,1.9824296885310492e-11,1.9880367256147379e-10,1.7825726009437181e-09,1.4317878236766003e-08,1.0315504038756354e-07,6.671836172722143e-07,3.875478759226771e-06,2.021894643078428e-05,9.472130437070929e-05,0.0003982929288670073,0.001502367234914919,0.005080384042467294,0.015391163594735198,0.04173550544589888,0.10112579791182441,0.21823319141125172,0.41752575047471874,0.813598677489836,0.9038852745578173,0.8136013461931304,0.4175304608108478,0.21823931671169086,0.10113171539881895,0.041739136142347824,0.015392971078635652,0.005081202923548533,0.001502627364668567,0.00039835558816583177,9.473343102319662e-05,2.0220881163423213e-05,3.875737438928821e-06,6.672129005643121e-07,1.0315786360166572e-07,1.4318110648512078e-08,1.7825889363465078e-09,1.9880464812457513e-10,1.9824335752474736e-11,1.763092386637218e-12,1.3939107356392571e-13,9.755850645878244e-15,6.012768803507101e-16,3.2417292869657434e-17,1.5160914490186513e-18,6.085189915646312e-20,2.067346186685168e-21,5.836938633508873e-23,1.335574436815677e-24,2.3878413436827743e-26,3.147593616080793e-28,2.745960137450034e-30,1.2061646557729588e-32,0.0,0.0,0.0,0.0,0.0,0.0,0.0,0.0,0.0,0.0,0.0,0.0,0.0,0.0,0.0,0.0,0.0
0.0,0.0,0.0,0.0,0.0,0.0,0.0,0.0,0.0,0.0,0.0,0.0,0.0,0.0,0.0,0.0,0.0,0.0,0.0,4.1682989926915336e-30,8.745595361583396e-28,8.370561116267661e-26,5.2135111990747245e-24,2.0660684251374692e-22,6.051086793456351e-21,1.3677714213042147e-19,2.5323109209323594e-18,3.957386753013764e-17,5.334724287060653e-16,6.595757654947508e-15,8.996881973799575e-14,1.1616596837340132e-12,1.3342310829611612e-11,1.3632647887443406e-10,1.2425550512134756e-09,1.0124235363229142e-08,7.385397435184704e-08,4.828003130325297e-07,2.829777972018841e-06,1.4871492516788748e-05,7.00551809373941e-05,0.00029562192178939225,0.0011164738735800301,0.0037692855470868192,0.011357445006673078,0.03047092176378106,0.0724912321493018,0.1517312037898504,0.2751298411918306,0.41752560276377393,0.47146684131967753,0.41752686829837277,0.2751332051500197,0.151737711839302,0.07249968340386218,0.03047793007027399,0.011362877177421606,0.0037727936768055144,0.0011176289608756228,0.0002958995966269358,7.010917866450156e-05,1.4880173752152516e-05,2.8309542623496505e-06,4.829362541856251e-07,7.386746258451292e-08,1.012538781864474e-08,1.2426398630474158e-09,1.3633183129911473e-10,1.3342548536075315e-11,1.1615108240842348e-12,8.960364780566654e-14,6.096212554159204e-15,3.6354989824504415e-16,1.8855239615031463e-17,8.41912967027903e-19,3.19369221523829e-20,1.0109167214556649e-21,2.6037338091091047e-23,5.2563437163251135e-25,7.827863097559569e-27,7.678232196773186e-29,3.7391149524467224e-31,0.0,0.0,0.0,0.0,0.0,0.0,0.0,0.0,0.0,0.0,0.0,0.0,0.0,0.0,0.0,0.0,0.0,0.0
0.0,0.0,0.0,0.0,0.0,0.0,0.0,0.0,0.0,0.0,0.0,0.0,0.0,0.0,0.0,0.0,0.0,0.0,0.0,0.0,9.187201296436415e-29,1.7038029512270312e-26,1.449834733516009e-24,6.830932449431525e-23,2.248241461877267e-21,5.575949742041942e-20,1.1221877100319615e-18,1.885277442234938e-17,2.698036362048378e-16,3.38759414903603e-15,4.3591845081508134e-14,5.806358154755222e-13,6.91406988418476e-12,7.2928236475782e-11,6.834373753258286e-10,5.705333641372264e-09,4.250660004137947e-08,2.829777822012171e-07,1.6843949687113756e-06,8.965583186202705e-06,4.265736687240419e-05,0.00018127142688213388,0.0006871046812938959,0.0023189200643403286,0.00695052797834271,0.018433235823180058,0.04299917634899651,0.08733817509383468,0.1517312562201708,0.21823343872614795,0.24503918078803144,0.2182386983312469,0.15174766436729206,0.08737302023149467,0.04304624693333234,0.018472119162502063,0.006981795329178606,0.002339210060118208,0.0006929510959324755,0.00018256207218943338,4.2898905312708244e-05,9.003272422742881e-06,1.6894069028334077e-06,2.835530574994607e-07,4.256391442415358e-08,5.710300356432998e-09,6.83811601175683e-10,7.295266565675842e-11,6.915333390933253e-12,5.803686340134152e-13,4.2923134092609713e-14,2.7807338200609788e-15,1.5657553499862614e-16,7.58531251491042e-18,3.1193621424204597e-19,1.0692208047719379e-20,2.9771439650273917e-22,6.480872138877863e-24,1.0367796256610693e-25,1.0864237672196785e-27,5.608678913780028e-30,0.0,0.0,0.0,0.0,0.0,0.0,0.0,0.0,0.0,0.0,0.0,0.0,0.0,0.0,0.0,0.0,0.0,0.0,0.0
0.0,0.0,0.0,0.0,0.0,0.0,0.0,0.0,0.0,0.0,0.0,0.0,0.0,0.0,0.0,0.0,0.0,0.0,0.0,0.0,0.0,1.2476915752045524e-27,1.7531575868452019e-25,1.1064963027828904e-23,4.484867572105116e-22,1.3281018907584876e-20,3.0726428854067146e-19,5.7699094075412306e-18,9.030840780611257e-17,1.212238095170612e-15,1.5873431473817066e-14,2.2200610672115843e-13,2.781193760365333e-12,3.067308123656428e-11,2.9887755210161747e-10,2.5816092241556987e-09,1.9815286458844402e-08,1.353697667698766e-07,8.238396788441312e-07,4.467552718214245e-06,2.157962307792643e-05,9.275685496316361e-05,0.0003542291093664023,0.0011990930471876345,0.0035862224715861807,0.00943225361473375,0.021665981970187816,0.0429992218765487,0.07249152530914248,0.10112737908105557,0.11286945843218572,0.10115421463138216,0.07257729845471066,0.043184323697070856,0.021912589213319938,0.009624329028269537,0.003735228938275534,0.001287772910079188,0.0003765600049968822,9.731878009757347e-05,2.241774740449839e-05,4.593239015478991e-06,8.39985458860025e-07,1.3718516201164406e-07,1.9994693356780938e-08,2.5971947087012147e-09,3.0006580503110484e-10,3.075231819784636e-11,2.7857097006946912e-12,2.2200653269208302e-13,1.5471896969291562e-14,9.35546671843854e-16,4.858268139800745e-17,2.1373968184142092e-18,7.820712153678325e-20,2.318730091500115e-21,5.359018810788043e-23,9.070644971868702e-25,1.0015395561095541e-26,5.42175311279689e-29,0.0,0.0,0.0,0.0,0.0,0.0,0.0,0.0,0.0,0.0,0.0,0.0,0.0,0.0,0.0,0.0,0.0,0.0,0.0,0.0
0.0,0.0,0.0,0.0,0.0,0.0,0.0,0.0,0.0,0.0,0.0,0.0,0.0,0.0,0.0,0.0,0.0,0.0,0.0,0.0,0.0,0.0,7.430125552991871e-27,9.051834473424036e-25,5.360713106363766e-23,2.076545349096707e-21,5.862037323398614e-20,1.2871478355163654e-18,2.2891215383749224e-17,3.4012433518804255e-16,4.539503530055059e-15,6.568968594159253e-14,8.766180003246119e-13,1.0235087273960393e-11,1.048381865513975e-10,9.461049993343444e-10,7.546088870814264e-09,5.3309250962168334e-08,3.3399212051342214e-07,1.856666554162405e-06,9.155522537930805e-06,4.000845215600637e-05,0.0001546579863325367,0.0005274701734495257,0.0015812855098411612,0.004145238211891462,0.00943227742361171,0.01843341344186985,0.030472050751820107,0.04174176506528007,0.04638745772174978,0.04185535206333585,0.03084336544478283,0.01921275255085969,0.010367385245286319,0.0047882234198280945,0.0019790818990404815,0.000698255580299414,0.00019931948791914784,4.980797176780504e-05,1.1096347297508846e-05,2.141769713263285e-06,3.689554761346967e-07,5.71193271156237e-08,7.916399826413336e-09,9.780717267651429e-10,1.0727911033544714e-10,1.0399184624348281e-11,8.861831272669282e-13,6.595898167668244e-14,4.2531379507162746e-15,2.351109085572266e-16,1.0989160792211901e-17,4.262506731158165e-19,1.3364906948832117e-20,3.2580088183614615e-22,5.7995588067679475e-24,6.713123596580681e-26,3.7963505285169928e-28,0.0,0.0,0.0,0.0,0.0,0.0,0.0,0.0,0.0,0.0,0.0,0.0,0.0,0.0,0.0,0.0,0.0,0.0,0.0,0.0,0.0
0.0,0.0,0.0,0.0,0.0,0.0,0.0,0.0,0.0,0.0,0.0,0.0,0.0,0.0,0.0,0.0,0.0,0.0,0.0,0.0,0.0,0.0,0.0,2.996162094951127e-26,3.508030584733643e-24,1.9983256766885376e-22,7.392125338939854e-21,1.9973759374227818e-19,4.199663093516024e-18,7.159273032535266e-17,1.0368564546064526e-15,1.5199944150986893e-14,2.181939838681233e-13,2.7307445217406353e-12,2.972917882129998e-11,2.830361269819456e-10,2.366166083558224e-09,1.741973003716587e-08,1.1313936832763276e-07,6.488296714444277e-07,3.285295286976383e-06,1.4674019337181315e-05,5.7712239556290405e-05,0.000199302438660177,0.0006019405758375378,0.0015812940734390107,0.003586294633232753,0.006951050803037193,0.011360807914650058,0.015410300210547118,0.017136303115570618,0.015779532595082992,0.012483114798094715,0.008712481744426596,0.005031743541203183,0.0024126985318623784,0.0010092052628824597,0.0003481952089931235,9.683624595553986e-05,2.392524141834591e-05,5.263451140855198e-06,9.627289730918716e-07,1.5152817457761503e-07,2.1561576608361478e-08,2.7693283874814564e-09,3.1792815324642405e-10,3.239565930783584e-11,2.9097164236122953e-12,2.2859929181547067e-13,1.5567083628532406e-14,9.086019032437194e-16,4.4805252459399436e-17,1.8313007746195793e-18,6.040881777629322e-20,1.5463369376117433e-21,2.884209646593947e-23,3.489754942430061e-25,2.0574869778365516e-27,0.0,0.0,0.0,0.0,0.0,0.0,0.0,0.0,0.0,0.0,0.0,0.0,0.0,0.0,0.0,0.0,0.0,0.0,0.0,0.0,0.0,0.0
0.0,0.0,0.0,0.0,0.0,0.0,0.0,0.0,0.0,0.0,0.0,0.0,0.0,0.0,0.0,0.0,0.0,0.0,0.0,0.0,0.0,0.0,0.0,0.0,7.89441989279959e-26,9.166675976705324e-24,5.100297402999359e-22,1.8181775706410134e-20,4.679908950828861e-19,9.303679447484301e-18,1.5584202052379966e-16,2.708606698179052e-15,4.304361791148703e-14,5.855396974846883e-13,6.854116331739439e-12,6.953725671234953e-11,6.147455075542441e-10,4.753832696640567e-09,3.223667239816508e-08,1.9195598652940023e-07,1.0039880840038208e-06,4.609162867095012e-06,1.8540797648367863e-05,6.51654099324301e-05,0.0001993045114612575,0.0005274896480934867,0.0011992504069951815,0.002320059532802915,0.0037766899124136136,0.005123313404635615,0.00582915618976863,0.005860294066618025,0.005254675462282919,0.003859284112484943,0.002256196933334402,0.0010975325379738517,0.00046026361664932766,0.00015518752159413305,4.157977893057771e-05,1.0073758091811863e-05,2.1714774388500073e-06,3.7980682882597803e-07,5.470274135384827e-08,6.970576065874076e-09,8.276850334953572e-10,8.814830645094894e-11,8.275868480979638e-12,6.79665878441637e-13,4.8401709946445365e-14,2.9554901099974833e-15,1.5249455691948954e-16,6.520441949299815e-18,2.248932848636978e-19,6.0138953055933524e-21,1.1703980275753343e-22,1.47541390674501e-24,9.047281472477381e-27,0.0,0.0,0.0,0.0,0.0,0.0,0.0,0.0,0.0,0.0,0.0,0.0,0.0,0.0,0.0,0.0,0.0,0.0,0.0,0.0,0.0,0.0,0.0
0.0,0.0,0.0,0.0,0.0,0.0,0.0,0.0,0.0,0.0,0.0,0.0,0.0,0.0,0.0,0.0,0.0,0.0,0.0,0.0,0.0,0.0,0.0,0.0,0.0,1.9268643206313152e-25,2.074040424944636e-23,1.074810145851529e-21,3.575528336337387e-20,8.656030024337847e-19,1.8040811298089868e-17,3.767054330510091e-16,6.734767357734314e-15,1.0108858854603762e-13,1.2885139853426463e-12,1.408205075518419e-11,1.328951296241057e-10,1.0884761654441506e-09,7.76396197333294e-09,4.832635460577842e-08,2.6270047106415317e-07,1.2466529268747127e-06,5.156651896444934e-06,1.85411207081261e-05,5.771560698014951e-05,0.0001546878995036645,0.0003544677767712748,0.0006888216422785446,0.0011276058699976267,0.0015660908505700677,0.0019416563233808953,0.0021868591068539734,0.002061952162032337,0.0015465537749017526,0.0009102333769984624,0.0004447867388180021,0.00018671563152084582,6.157006939055009e-05,1.568374173402837e-05,3.694086529974136e-06,7.712246203564178e-07,1.276425915732545e-07,1.6781195387078995e-08,1.8553543853767694e-09,1.923299081582835e-10,1.9234887797949776e-11,1.6904903885966363e-12,1.2758458486491788e-13,8.199179512405164e-15,4.4329497653093885e-16,1.9805667831600768e-17,7.124072107395309e-19,1.9838747734897227e-20,4.0156063743108894e-22,5.25846114177722e-24,3.3452929048902696e-26,0.0,0.0,0.0,0.0,0.0,0.0,0.0,0.0,0.0,0.0,0.0,0.0,0.0,0.0,0.0,0.0,0.0,0.0,0.0,0.0,0.0,0.0,0.0,0.0
0.0,0.0,0.0,0.0,0.0,0.0,0.0,0.0,0.0,0.0,0.0,0.0,0.0,0.0,0.0,0.0,0.0,0.0,0.0,0.0,0.0,0.0,0.0,0.0,0.0,0.0,3.777420171698104e-25,3.8412010771723915e-23,1.8808460710479153e-21,5.997302705412178e-20,1.611778791398384e-18,4.049894605070652e-17,8.316177444790955e-16,1.402103327096901e-14,1.9745890498301282e-13,2.3530783711697945e-12,2.395189376978105e-11,2.096586089288272e-10,1.5855308028803128e-09,1.0389594597576436e-08,5.907575011891225e-08,2.915008757142549e-07,1.2466836078878733e-06,4.60951963954755e-06,1.4677483335328877e-05,4.003853663324085e-05,9.299183327091812e-05,0.00018292455615663377,0.00030603870689864494,0.00045284183909035573,0.0006157238295601465,0.0007309953303241439,0.000716701163865592,0.0005539305249808136,0.00033033447463758775,0.00016133524647677202,6.7802562838773e-05,2.1961866379366824e-05,5.190360641373032e-06,1.179550927924043e-06,2.3536791024016734e-07,3.614258311673556e-08,4.2707793900629005e-09,4.0905906289969005e-10,3.501274391934089e-11,3.03934912533057e-12,2.5492810050707436e-13,1.8032491774933155e-14,1.0528479877105187e-15,5.012598301488839e-17,1.90399119059976e-18,5.563911470807026e-20,1.1765161404813638e-21,1.6041616494841855e-23,1.0598740923286594e-25,0.0,0.0,0.0,0.0,0.0,0.0,0.0,0.0,0.0,0.0,0.0,0.0,0.0,0.0,0.0,0.0,0.0,0.0,0.0,0.0,0.0,0.0,0.0,0.0,0.0
0.0,0.0,0.0,0.0,0.0,0.0,0.0,0.0,0.0,0.0,0.0,0.0,0.0,0.0,0.0,0.0,0.0,0.0,0.0,0.0,0.0,0.0,0.0,0.0,0.0,0.0,0.0,5.690568604005653e-25,5.542057476616911e-23,2.6993648504949816e-21,1.0505506994473103e-19,3.2983569848842613e-18,8.01219440487776e-17,1.551660864640259e-15,2.4569910989676414e-14,3.2381532361555406e-13,3.5972999880223747e-12,3.3990850215457896e-11,2.749092509642746e-10,1.9109690508479046e-09,1.1443563001396813e-08,5.9077427273514185e-08,2.627226188515035e-07,1.0042239147857338e-06,3.287515698985936e-06,9.174140217713367e-06,2.171865698174079e-05,4.358304041616253e-05,7.549304522256517e-05,0.00011865512176807465,0.00016902350137526254,0.00020938544386079624,0.0002155998124103664,0.0001760247512583119,0.00010940016062715325,5.342981616227221e-05,2.2467104255650435e-05,7.2098649541206056e-06,1.5252429224560695e-06,3.3097868235179073e-07,6.147413853902258e-08,8.446115587799639e-09,8.721514150151642e-10,7.203416507133112e-11,5.145490817012012e-12,3.581279038205548e-13,2.6816519106349268e-14,1.811652560825511e-15,9.702674023055593e-17,4.041676009551394e-18,1.272924790261651e-19,2.8659764341452962e-21,4.124520971684309e-23,2.857727136873858e-25,0.0,0.0,0.0,0.0,0.0,0.0,0.0,0.0,0.0,0.0,0.0,0.0,0.0,0.0,0.0,0.0,0.0,0.0,0.0,0.0,0.0,0.0,0.0,0.0,0.0,0.0
0.0,0.0,0.0,0.0,0.0,0.0,0.0,0.0,0.0,0.0,0.0,0.0,0.0,0.0,0.0,0.0,0.0,0.0,0.0,0.0,0.0,0.0,0.0,0.0,0.0,0.0,0.0,0.0,7.052351570796595e-25,7.622104266974145e-23,4.736458993969997e-21,1.969678537808695e-19,5.902364972580834e-18,1.3524538565267957e-16,2.46166838141566e-15,3.650347197633978e-14,4.487686560905936e-13,4.630462317539017e-12,4.04447004872084e-11,3.007708187645609e-10,1.9110188389074376e-09,1.0390363910347099e-08,4.833544680169471e-08,1.9204891905067367e-07,6.496592946524968e-07,1.8630913513846695e-06,4.510263376849771e-06,9.213547056206305e-06,1.6292537531127627e-05,2.645528558521017e-05,3.886236028105976e-05,4.9868675143492224e-05,5.425286239251391e-05,4.8925424268401854e-05,3.3434517895481036e-05,1.653596610887811e-05,6.6382026008934295e-06,2.0263566975971863e-06,4.393261828907218e-07,8.6367187114489e-08,1.3098333236483363e-08,1.5389866793185384e-09,1.354503751100371e-10,9.688950352537297e-12,5.911063321536575e-13,3.3403401612139933e-14,2.0037304853043893e-15,1.2544686175104907e-16,6.165840388942674e-18,2.2049144680619426e-19,5.48696509008964e-21,8.568196598064229e-23,6.356850973168478e-25,0.0,0.0,0.0,0.0,0.0,0.0,0.0,0.0,0.0,0.0,0.0,0.0,0.0,0.0,0.0,0.0,0.0,0.0,0.0,0.0,0.0,0.0,0.0,0.0,0.0,0.0,0.0
0.0,0.0,0.0,0.0,0.0,0.0,0.0,0.0,0.0,0.0,0.0,0.0,0.0,0.0,0.0,0.0,0.0,0.0,0.0,0.0,0.0,0.0,0.0,0.0,0.0,0.0,0.0,0.0,0.0,1.038999243212613e-24,1.3177292971365272e-22,8.14166431794124e-21,3.213679443760571e-19,9.086735065958943e-18,1.9578863737195224e-16,3.3388822657422514e-15,4.6204694995606e-14,5.277788720336216e-13,5.035247573698835e-12,4.04454643912928e-11,2.749236439715825e-10,1.5857239465536394e-09,7.766119699199426e-09,3.2257018050605263e-08,1.1329718543005784e-07,3.349288676077259e-07,8.272870300069015e-07,1.6920569541858121e-06,3.0095951661244063e-06,4.98826457390062e-06,7.457651467182874e-06,9.759015546938576e-06,1.1133350486966852e-05,1.1608623777196116e-05,8.149526855442577e-06,4.147805119719198e-06,1.6189891570376104e-06,4.801248212596163e-07,1.0456821094535747e-07,1.8688180123724487e-08,2.315019716920432e-09,2.3138587903760236e-10,1.64806358205882e-11,1.009700633762131e-12,5.303635105354143e-14,2.480157563403842e-15,1.1720650817045044e-16,6.24391974116008e-18,2.6920508870632666e-19,7.7828502643463e-21,1.3696991850293773e-22,1.1207544499217605e-24,0.0,0.0,0.0,0.0,0.0,0.0,0.0,0.0,0.0,0.0,0.0,0.0,0.0,0.0,0.0,0.0,0.0,0.0,0.0,0.0,0.0,0.0,0.0,0.0,0.0,0.0,0.0,0.0
0.0,0.0,0.0,0.0,0.0,0.0,0.0,0.0,0.0,0.0,0.0,0.0,0.0,0.0,0.0,0.0,0.0,0.0,0.0,0.0,0.0,0.0,0.0,0.0,0.0,0.0,0.0,0.0,0.0,0.0,1.7026983121276335e-24,2.0831771480177131e-22,1.2196830151526592e-20,4.54403748295157e-19,1.2086039204087315e-17,2.44067494867482e-16,3.885279744661213e-15,4.9965920310425157e-14,5.277852886260584e-13,4.630615592288136e-12,3.399331270935064e-11,2.0969021112099491e-10,1.088809626178758e-09,4.7566559539031174e-09,1.743734873919539e-08,5.33663720222708e-08,1.351494621298932e-07,2.812323983083082e-07,5.133609144790477e-07,8.699952396144054e-07,1.3181952037936442e-06,1.7355865818623228e-06,1.983060857703024e-06,2.0348199963265656e-06,1.4599856534461343e-06,8.327990778222137e-07,3.3783140193936494e-07,9.848421482662561e-08,2.0764719976884045e-08,2.96963489005892e-09,2.8801604205887053e-10,2.459100996823369e-11,1.6268525335863162e-12,8.96464711539793e-14,4.110525968326112e-15,1.622114299012875e-16,6.893585674188035e-18,3.07706736251904e-19,9.582246493407127e-21,1.803302274306355e-22,1.601779998725909e-24,0.0,0.0,0.0,0.0,0.0,0.0,0.0,0.0,0.0,0.0,0.0,0.0,0.0,0.0,0.0,0.0,0.0,0.0,0.0,0.0,0.0,0.0,0.0,0.0,0.0,0.0,0.0,0.0,0.0
0.0,0.0,0.0,0.0,0.0,0.0,0.0,0.0,0.0,0.0,0.0,0.0,0.0,0.0,0.0,0.0,0.0,0.0,0.0,0.0,0.0,0.0,0.0,0.0,0.0,0.0,0.0,0.0,0.0,0.0,0.0,2.487784928379877e-24,2.883219766320106e-22,1.5936969282641442e-20,5.586498643927828e-19,1.3928882086539557e-17,2.6260812045197542e-16,3.885308801604098e-15,4.620561349526686e-14,4.4878722580870967e-13,3.597586587070378e-12,2.3955399268441193e-11,1.3292817823238005e-10,6.149548375030512e-10,2.3664141522252457e-09,7.532114252208761e-09,1.963277279901982e-08,4.2165349904836344e-08,8.060104273608991e-08,1.415198290782394e-07,2.2073839936824473e-07,2.990783056793737e-07,3.499728513845289e-07,3.188807263054592e-07,2.1874274015748362e-07,1.233340140797535e-07,5.723105955674497e-08,1.716495130673852e-08,2.9877548109938346e-09,3.268642487769964e-10,2.86483527979772e-11,2.2095034451456383e-12,1.467099954424296e-13,7.351499683946174e-15,2.915732229127421e-16,1.0158245298323327e-17,3.9920458823243555e-19,1.260393095557993e-20,2.467256127924583e-22,2.1886786268647566e-24,0.0,0.0,0.0,0.0,0.0,0.0,0.0,0.0,0.0,0.0,0.0,0.0,0.0,0.0,0.0,0.0,0.0,0.0,0.0,0.0,0.0,0.0,0.0,0.0,0.0,0.0,0.0,0.0,0.0,0.0
0.0,0.0,0.0,0.0,0.0,0.0,0.0,0.0,0.0,0.0,0.0,0.0,0.0,0.0,0.0,0.0,0.0,0.0,0.0,0.0,0.0,0.0,0.0,0.0,0.0,0.0,0.0,0.0,0.0,0.0,0.0,0.0,3.1985718615570617e-24,3.5002438712639234e-22,1.8206613092075675e-20,5.983386541499904e-19,1.392894187323847e-17,2.440701808524148e-16,3.3389529598433936e-15,3.6504775146877685e-14,3.2383207363493715e-13,2.353190862688367e-12,1.408100789815083e-11,6.948775901384795e-11,2.820626713684314e-10,9.325854010225596e-10,2.4545258772721387e-09,5.315235581018158e-09,1.049785295065932e-08,1.8832602685448094e-08,2.9650076875254128e-08,4.030581829924606e-08,4.7219089513846846e-08,4.14310045331237e-08,2.75728725376676e-08,1.492417518332363e-08,6.598477260126134e-09,2.0274836654027507e-09,2.7642078448165455e-10,2.842871728763551e-11,2.300740993776764e-12,1.574251543648887e-13,9.213160682616155e-15,4.3243666364333663e-16,1.5686840370678295e-17,5.385120274694132e-19,1.6966287955300932e-20,3.393635474978738e-22,3.101059613294892e-24,0.0,0.0,0.0,0.0,0.0,0.0,0.0,0.0,0.0,0.0,0.0,0.0,0.0,0.0,0.0,0.0,0.0,0.0,0.0,0.0,0.0,0.0,0.0,0.0,0.0,0.0,0.0,0.0,0.0,0.0,0.0
0.0,0.0,0.0,0.0,0.0,0.0,0.0,0.0,0.0,0.0,0.0,0.0,0.0,0.0,0.0,0.0,0.0,0.0,0.0,0.0,0.0,0.0,0.0,0.0,0.0,0.0,0.0,0.0,0.0,0.0,0.0,0.0,0.0,3.625052373232144e-24,3.7333154730501347e-22,1.8206654619854725e-20,5.586529133788674e-19,1.2086148659183956e-17,1.9579081559806114e-16,2.461678892958222e-15,2.4569006685290504e-14,1.974204503189289e-13,1.2875653406945496e-12,6.836816361754149e-12,2.948059278055866e-11,1.0199348050905303e-10,2.7449459646791425e-10,5.757493700227742e-10,1.1312242043225355e-09,2.031149407338991e-09,3.138101504657758e-09,4.054905127400134e-09,4.354429157449288e-09,4.253250488962913e-09,2.8752760175975243e-09,1.4611789973720182e-09,4.683941794250718e-10,1.0038803397290042e-10,1.5033546470537423e-11,1.869691197581458e-12,1.470366872762158e-13,8.903770770534765e-15,4.3609077432086374e-16,2.4942763178118017e-17,8.778902071503322e-19,2.4748663694523777e-20,4.903030974815012e-22,4.49311931666949e-24,0.0,0.0,0.0,0.0,0.0,0.0,0.0,0.0,0.0,0.0,0.0,0.0,0.0,0.0,0.0,0.0,0.0,0.0,0.0,0.0,0.0,0.0,0.0,0.0,0.0,0.0,0.0,0.0,0.0,0.0,0.0,0.0
0.0,0.0,0.0,0.0,0.0,0.0,0.0,0.0,0.0,0.0,0.0,0.0,0.0,0.0,0.0,0.0,0.0,0.0,0.0,0.0,0.0,0.0,0.0,0.0,0.0,0.0,0.0,0.0,0.0,0.0,0.0,0.0,0.0,0.0,3.625056588735697e-24,3.500252103472192e-22,1.5937009785003182e-20,4.54403287372263e-19,9.086589999003756e-18,1.3523678599972502e-16,1.5513459646353544e-15,1.4012637572791717e-14,1.0091526979184777e-13,5.826921997994747e-13,2.6932657719345865e-12,9.84513212667363e-12,2.7625984291852647e-11,5.828114857062297e-11,1.1294232604639533e-10,2.0481177360875501e-10,3.168081891621577e-10,4.035866296192336e-10,4.198133699548972e-10,3.88949038372458e-10,2.4641080131558245e-10,9.557858215778327e-11,2.296948444285906e-11,4.389170245991125e-12,6.208412845905432e-13,9.357453220610555e-14,8.030227095020101e-15,4.690631688683819e-16,2.6454270324433443e-17,1.2834658266328121e-18,3.5473780586930984e-20,6.99511957087684e-22,6.680631906518436e-24,0.0,0.0,0.0,0.0,0.0,0.0,0.0,0.0,0.0,0.0,0.0,0.0,0.0,0.0,0.0,0.0,0.0,0.0,0.0,0.0,0.0,0.0,0.0,0.0,0.0,0.0,0.0,0.0,0.0,0.0,0.0,0.0,0.0
0.0,0.0,0.0,0.0,0.0,0.0,0.0,0.0,0.0,0.0,0.0,0.0,0.0,0.0,0.0,0.0,0.0,0.0,0.0,0.0,0.0,0.0,0.0,0.0,0.0,0.0,0.0,0.0,0.0,0.0,0.0,0.0,0.0,0.0,0.0,3.198570634787531e-24,2.8832027797862503e-22,1.2196559911609775e-20,3.2134689317350517e-19,5.901320240454088e-18,8.008503097638268e-17,8.30636949052568e-16,6.714598291985209e-15,4.27142759110289e-14,2.1396218159607664e-13,8.349175054988964e-13,2.4703443643383187e-12,5.401033636977212e-12,1.0447836278349522e-11,1.9118987538984985e-11,2.947904042450796e-11,3.6605694430482626e-11,3.552662064620751e-11,2.6072991865100008e-11,1.4245649061492086e-11,4.394910377431175e-12,9.623172794682373e-13,1.6684986968000846e-13,2.201946240174308e-14,2.9793641430138305e-15,3.7821114708681327e-16,2.408033678818245e-17,1.317028594513628e-18,4.9251780990737565e-20,9.882859377825808e-22,9.544762095805798e-24,0.0,0.0,0.0,0.0,0.0,0.0,0.0,0.0,0.0,0.0,0.0,0.0,0.0,0.0,0.0,0.0,0.0,0.0,0.0,0.0,0.0,0.0,0.0,0.0,0.0,0.0,0.0,0.0,0.0,0.0,0.0,0.0,0.0,0.0
0.0,0.0,0.0,0.0,0.0,0.0,0.0,0.0,0.0,0.0,0.0,0.0,0.0,0.0,0.0,0.0,0.0,0.0,0.0,0.0,0.0,0.0,0.0,0.0,0.0,0.0,0.0,0.0,0.0,0.0,0.0,0.0,0.0,0.0,0.0,0.0,2.4877244299753716e-24,2.0830395803713188e-22,8.14027492236722e-21,1.9688155939322223e-19,3.2946413423797856e-18,4.0386398721895576e-17,3.7433413814281224e-16,2.6671733327937388e-15,1.4676607489126946e-14,6.189495426896558e-14,1.9588232737025277e-13,4.58776427814623e-13,9.051053557473613e-13,1.6403847667194643e-12,2.4424358627199423e-12,2.821633822204235e-12,2.399063900888356e-12,1.4188731110631636e-12,6.700156643283949e-13,1.7588797833073908e-13,3.5199782058822624e-14,5.473604116007289e-15,6.563957393378206e-16,9.083516271133172e-17,1.15028483988857e-17,9.441627372324922e-19,4.4756927436087183e-20,1.1828981447554717e-21,1.2766896497127084e-23,0.0,0.0,0.0,0.0,0.0,0.0,0.0,0.0,0.0,0.0,0.0,0.0,0.0,0.0,0.0,0.0,0.0,0.0,0.0,0.0,0.0,0.0,0.0,0.0,0.0,0.0,0.0,0.0,0.0,0.0,0.0,0.0,0.0,0.0,0.0
0.0,0.0,0.0,0.0,0.0,0.0,0.0,0.0,0.0,0.0,0.0,0.0,0.0,0.0,0.0,0.0,0.0,0.0,0.0,0.0,0.0,0.0,0.0,0.0,0.0,0.0,0.0,0.0,0.0,0.0,0.0,0.0,0.0,0.0,0.0,0.0,0.0,1.701987507998786e-24,1.3161417498201518e-22,4.7193471157043375e-21,1.0394237529938684e-19,1.5696550533012932e-18,1.7170946911693005e-17,1.4001846738306755e-16,8.612626945203122e-16,3.993075529496127e-15,1.3922813823976435e-14,3.8228774798668e-14,8.739737173842394e-14,1.7057325867549925e-13,2.65347418355461e-13,3.1181141401944927e-13,2.544997820197236e-13,9.735831314305218e-14,2.989977995154649e-14,7.109161685468116e-15,1.279632042388414e-15,1.6411300382305056e-16,1.8652867737701525e-17,2.887477431488468e-18,3.1902926299746455e-19,2.320554083241563e-20,9.180347222487364e-22,1.3172526143388641e-23,0.0,0.0,0.0,0.0,0.0,0.0,0.0,0.0,0.0,0.0,0.0,0.0,0.0,0.0,0.0,0.0,0.0,0.0,0.0,0.0,0.0,0.0,0.0,0.0,0.0,0.0,0.0,0.0,0.0,0.0,0.0,0.0,0.0,0.0,0.0,0.0
0.0,0.0,0.0,0.0,0.0,0.0,0.0,0.0,0.0,0.0,0.0,0.0,0.0,0.0,0.0,0.0,0.0,0.0,0.0,0.0,0.0,0.0,0.0,0.0,0.0,0.0,0.0,0.0,0.0,0.0,0.0,0.0,0.0,0.0,0.0,0.0,0.0,0.0,1.020941218333838e-24,7.240948436018546e-23,2.3628941126990697e-21,4.692140676732929e-20,6.315583234325773e-19,6.069613470104337e-18,4.270903095667699e-17,2.2276066517488294e-16,8.85470536804674e-16,2.81701991281887e-15,7.171300246797037e-15,1.5145370418737723e-14,2.5082999720864382e-14,3.090556563951053e-14,2.5307645349389158e-14,9.671783509849331e-15,2.7585706059378957e-15,6.051082050646489e-16,9.047410979929808e-17,1.1156142558814792e-17,1.0553026593456535e-18,9.897470989052158e-20,7.453769893868177e-21,3.55927128564438e-22,8.434087428116761e-24,0.0,0.0,0.0,0.0,0.0,0.0,0.0,0.0,0.0,0.0,0.0,0.0,0.0,0.0,0.0,0.0,0.0,0.0,0.0,0.0,0.0,0.0,0.0,0.0,0.0,0.0,0.0,0.0,0.0,0.0,0.0,0.0,0.0,0.0,0.0,0.0,0.0
0.0,0.0,0.0,0.0,0.0,0.0,0.0,0.0,0.0,0.0,0.0,0.0,0.0,0.0,0.0,0.0,0.0,0.0,0.0,0.0,0.0,0.0,0.0,0.0,0.0,0.0,0.0,0.0,0.0,0.0,0.0,0.0,0.0,0.0,0.0,0.0,0.0,0.0,0.0,5.3444589422083135e-25,3.4475525526245714e-23,1.013493074234825e-21,1.7919441372521976e-20,2.1166820343214188e-19,1.7547743379085203e-18,1.0497026722625076e-17,4.7433354261021396e-17,1.7023313755495258e-16,4.790370660318789e-16,1.091595007833472e-15,1.9311936382671217e-15,2.5672303184871297e-15,2.1533942800564553e-15,8.365502424339756e-16,2.2175724470489081e-16,4.321407409718091e-17,5.707599892451323e-18,5.983281071423175e-19,4.66268025327638e-20,3.0163728902019582e-21,1.3596425469745196e-22,3.012907001216995e-24,0.0,0.0,0.0,0.0,0.0,0.0,0.0,0.0,0.0,0.0,0.0,0.0,0.0,0.0,0.0,0.0,0.0,0.0,0.0,0.0,0.0,0.0,0.0,0.0,0.0,0.0,0.0,0.0,0.0,0.0,0.0,0.0,0.0,0.0,0.0,0.0,0.0,0.0
0.0,0.0,0.0,0.0,0.0,0.0,0.0,0.0,0.0,0.0,0.0,0.0,0.0,0.0,0.0,0.0,0.0,0.0,0.0,0.0,0.0,0.0,0.0,0.0,0.0,0.0,0.0,0.0,0.0,0.0,0.0,0.0,0.0,0.0,0.0,0.0,0.0,0.0,0.0,0.0,2.4259595202867742e-25,1.4087031114371375e-23,3.6832394074752095e-22,5.7040928026955496e-21,5.779416502401068e-20,3.996104069303287e-19,2.050374244386992e-18,8.311587552199178e-18,2.5755611068788512e-17,6.264494361087606e-17,1.170512391865545e-16,1.764303979203838e-16,1.5025225424534971e-16,6.005546120591272e-17,1.4747068641881575e-17,2.5307413513853733e-18,2.8835630521315733e-19,2.4558805081244727e-20,1.4605040849469723e-21,6.137136060931185e-23,1.2709546171391133e-24,0.0,0.0,0.0,0.0,0.0,0.0,0.0,0.0,0.0,0.0,0.0,0.0,0.0,0.0,0.0,0.0,0.0,0.0,0.0,0.0,0.0,0.0,0.0,0.0,0.0,0.0,0.0,0.0,0.0,0.0,0.0,0.0,0.0,0.0,0.0,0.0,0.0,0.0,0.0
0.0,0.0,0.0,0.0,0.0,0.0,0.0,0.0,0.0,0.0,0.0,0.0,0.0,0.0,0.0,0.0,0.0,0.0,0.0,0.0,0.0,0.0,0.0,0.0,0.0,0.0,0.0,0.0,0.0,0.0,0.0,0.0,0.0,0.0,0.0,0.0,0.0,0.0,0.0,0.0,0.0,9.466555430372337e-26,4.883614305806082e-24,1.116149394709846e-22,1.476770533529472e-21,1.2469588987770159e-20,7.584481425284836e-20,3.539702028864613e-19,1.2178059561049438e-18,3.144741497995461e-18,5.985212794160686e-18,8.9801383967018e-18,7.581877635592407e-18,3.3227209699401577e-18,7.989212759073982e-19,1.1910045928409214e-19,1.1240794347084055e-20,7.292890096388013e-22,2.922950669552671e-23,2.9139795199429867e-25,0.0,0.0,0.0,0.0,0.0,0.0,0.0,0.0,0.0,0.0,0.0,0.0,0.0,0.0,0.0,0.0,0.0,0.0,0.0,0.0,0.0,0.0,0.0,0.0,0.0,0.0,0.0,0.0,0.0,0.0,0.0,0.0,0.0,0.0,0.0,0.0,0.0,0.0,0.0,0.0
0.0,0.0,0.0,0.0,0.0,0.0,0.0,0.0,0.0,0.0,0.0,0.0,0.0,0.0,0.0,0.0,0.0,0.0,0.0,0.0,0.0,0.0,0.0,0.0,0.0,0.0,0.0,0.0,0.0,0.0,0.0,0.0,0.0,0.0,0.0,0.0,0.0,0.0,0.0,0.0,0.0,0.0,3.137796684299763e-26,1.4118100719157138e-24,2.746589516157072e-23,3.058584291921829e-22,2.3320637742009245e-21,1.3021053424298808e-20,5.143731195845446e-20,1.4564614663958519e-19,2.89007763268965e-19,3.875652290973534e-19,3.028103198088982e-19,1.2465131523587469e-19,3.1779067747573085e-20,4.291282285718404e-21,3.1583095484162653e-22,1.3124005561905653e-23,1.4104465793135745e-25,0.0,0.0,0.0,0.0,0.0,0.0,0.0,0.0,0.0,0.0,0.0,0.0,0.0,0.0,0.0,0.0,0.0,0.0,0.0,0.0,0.0,0.0,0.0,0.0,0.0,0.0,0.0,0.0,0.0,0.0,0.0,0.0,0.0,0.0,0.0,0.0,0.0,0.0,0.0,0.0,0.0
0.0,0.0,0.0,0.0,0.0,0.0,0.0,0.0,0.0,0.0,0.0,0.0,0.0,0.0,0.0,0.0,0.0,0.0,0.0,0.0,0.0,0.0,0.0,0.0,0.0,0.0,0.0,0.0,0.0,0.0,0.0,0.0,0.0,0.0,0.0,0.0,0.0,0.0,0.0,0.0,0.0,0.0,0.0,8.603661353622074e-27,3.1996748430408306e-25,5.138927905748012e-24,5.169931703152068e-23,3.542673493096989e-22,1.6165735643424767e-21,4.949593596041282e-21,9.896513365024663e-21,1.3046069304381632e-20,9.483966626997925e-21,3.459265486135691e-21,7.403252655625879e-22,7.522804881407356e-23,3.0807541524516014e-24,6.050630777834216e-26,0.0,0.0,0.0,0.0,0.0,0.0,0.0,0.0,0.0,0.0,0.0,0.0,0.0,0.0,0.0,0.0,0.0,0.0,0.0,0.0,0.0,0.0,0.0,0.0,0.0,0.0,0.0,0.0,0.0,0.0,0.0,0.0,0.0,0.0,0.0,0.0,0.0,0.0,0.0,0.0,0.0,0.0
0.0,0.0,0.0,0.0,0.0,0.0,0.0,0.0,0.0,0.0,0.0,0.0,0.0,0.0,0.0,0.0,0.0,0.0,0.0,0.0,0.0,0.0,0.0,0.0,0.0,0.0,0.0,0.0,0.0,0.0,0.0,0.0,0.0,0.0,0.0,0.0,0.0,0.0,0.0,0.0,0.0,0.0,0.0,0.0,1.8202506433869782e-27,5.34283540168102e-26,7.718461330378449e-25,6.790050449235359e-24,3.6270597029088895e-23,1.1767949223122843e-22,2.2330521435227667e-22,3.31540115895092e-22,2.2590884222740316e-22,6.80275256288759e-23,8.528558934847035e-24,4.537302580839007e-25,1.0959818025444484e-26,0.0,0.0,0.0,0.0,0.0,0.0,0.0,0.0,0.0,0.0,0.0,0.0,0.0,0.0,0.0,0.0,0.0,0.0,0.0,0.0,0.0,0.0,0.0,0.0,0.0,0.0,0.0,0.0,0.0,0.0,0.0,0.0,0.0,0.0,0.0,0.0,0.0,0.0,0.0,0.0,0.0,0.0,0.0
0.0,0.0,0.0,0.0,0.0,0.0,0.0,0.0,0.0,0.0,0.0,0.0,0.0,0.0,0.0,0.0,0.0,0.0,0.0,0.0,0.0,0.0,0.0,0.0,0.0,0.0,0.0,0.0,0.0,0.0,0.0,0.0,0.0,0.0,0.0,0.0,0.0,0.0,0.0,0.0,0.0,0.0,0.0,0.0,0.0,2.832440161374039e-28,7.734087237727e-27,9.927466744168977e-26,6.747060293704222e-25,2.477201789049169e-24,4.616576944107064e-24,6.745964016573664e-24,3.879063583753203e-24,7.189226990472579e-25,4.9767111497121737e-26,1.3278026460847229e-27,0.0,0.0,0.0,0.0,0.0,0.0,0.0,0.0,0.0,0.0,0.0,0.0,0.0,0.0,0.0,0.0,0.0,0.0,0.0,0.0,0.0,0.0,0.0,0.0,0.0,0.0,0.0,0.0,0.0,0.0,0.0,0.0,0.0,0.0,0.0,0.0,0.0,0.0,0.0,0.0,0.0,0.0,0.0,0.0
0.0,0.0,0.0,0.0,0.0,0.0,0.0,0.0,0.0,0.0,0.0,0.0,0.0,0.0,0.0,0.0,0.0,0.0,0.0,0.0,0.0,0.0,0.0,0.0,0.0,0.0,0.0,0.0,0.0,0.0,0.0,0.0,0.0,0.0,0.0,0.0,0.0,0.0,0.0,0.0,0.0,0.0,0.0,0.0,0.0,0.0,3.9253228428357555e-29,9.790422564819987e-28,9.491426230043849e-27,4.1348156528993694e-26,7.17808353612914e-26,8.688955878961208e-26,3.7211393065425614e-26,3.9978052658624625e-27,1.3990902947494567e-28,0.0,0.0,0.0,0.0,0.0,0.0,0.0,0.0,0.0,0.0,0.0,0.0,0.0,0.0,0.0,0.0,0.0,0.0,0.0,0.0,0.0,0.0,0.0,0.0,0.0,0.0,0.0,0.0,0.0,0.0,0.0,0.0,0.0,0.0,0.0,0.0,0.0,0.0,0.0,0.0,0.0,0.0,0.0,0.0,0.0
0.0,0.0,0.0,0.0,0.0,0.0,0.0,0.0,0.0,0.0,0.0,0.0,0.0,0.0,0.0,0.0,0.0,0.0,0.0,0.0,0.0,0.0,0.0,0.0,0.0,0.0,0.0,0.0,0.0,0.0,0.0,0.0,0.0,0.0,0.0,0.0,0.0,0.0,0.0,0.0,0.0,0.0,0.0,0.0,0.0,0.0,0.0,4.466108932938439e-30,8.104767908673597e-29,4.584828106765914e-28,6.989469909129036e-28,7.4464566519930326e-28,2.1401754385110043e-28,1.082508772672739e-29,0.0,0.0,0.0,0.0,0.0,0.0,0.0,0.0,0.0,0.0,0.0,0.0,0.0,0.0,0.0,0.0,0.0,0.0,0.0,0.0,0.0,0.0,0.0,0.0,0.0,0.0,0.0,0.0,0.0,0.0,0.0,0.0,0.0,0.0,0.0,0.0,0.0,0.0,0.0,0.0,0.0,0.0,0.0,0.0,0.0,0.0
0.0,0.0,0.0,0.0,0.0,0.0,0.0,0.0,0.0,0.0,0.0,0.0,0.0,0.0,0.0,0.0,0.0,0.0,0.0,0.0,0.0,0.0,0.0,0.0,0.0,0.0,0.0,0.0,0.0,0.0,0.0,0.0,0.0,0.0,0.0,0.0,0.0,0.0,0.0,0.0,0.0,0.0,0.0,0.0,0.0,0.0,0.0,0.0,4.417234142488881e-31,4.453240882981893e-30,5.7230711601522775e-30,4.8066618503386205e-30,5.6673338790637695e-31,0.0,0.0,0.0,0.0,0.0,0.0,0.0,0.0,0.0,0.0,0.0,0.0,0.0,0.0,0.0,0.0,0.0,0.0,0.0,0.0,0.0,0.0,0.0,0.0,0.0,0.0,0.0,0.0,0.0,0.0,0.0,0.0,0.0,0.0,0.0,0.0,0.0,0.0,0.0,0.0,0.0,0.0,0.0,0.0,0.0,0.0,0.0
0.0,0.0,0.0,0.0,0.0,0.0,0.0,0.0,0.0,0.0,0.0,0.0,0.0,0.0,0.0,0.0,0.0,0.0,0.0,0.0,0.0,0.0,0.0,0.0,0.0,0.0,0.0,0.0,0.0,0.0,0.0,0.0,0.0,0.0,0.0,0.0,0.0,0.0,0.0,0.0,0.0,0.0,0.0,0.0,0.0,0.0,0.0,0.0,0.0,2.695847360914071e-32,3.132901048322486e-32,3.0641770492039683e-32,0.0,0.0,0.0,0.0,0.0,0.0,0.0,0.0,0.0,0.0,0.0,0.0,0.0,0.0,0.0,0.0,0.0,0.0,0.0,0.0,0.0,0.0,0.0,0.0,0.0,0.0,0.0,0.0,0.0,0.0,0.0,0.0,0.0,0.0,0.0,0.0,0.0,0.0,0.0,0.0,0.0,0.0,0.0,0.0,0.0,0.0,0.0,0.0
0.0,0.0,0.0,0.0,0.0,0.0,0.0,0.0,0.0,0.0,0.0,0.0,0.0,0.0,0.0,0.0,0.0,0.0,0.0,0.0,0.0,0.0,0.0,0.0,0.0,0.0,0.0,0.0,0.0,0.0,0.0,0.0,0.0,0.0,0.0,0.0,0.0,0.0,0.0,0.0,0.0,0.0,0.0,0.0,0.0,0.0,0.0,0.0,0.0,0.0,0.0,0.0,0.0,0.0,0.0,0.0,0.0,0.0,0.0,0.0,0.0,0.0,0.0,0.0,0.0,0.0,0.0,0.0,0.0,0.0,0.0,0.0,0.0,0.0,0.0,0.0,0.0,0.0,0.0,0.0,0.0,0.0,0.0,0.0,0.0,0.0,0.0,0.0,0.0,0.0,0.0,0.0,0.0,0.0,0.0,0.0,0.0,0.0,0.0,0.0
0.0,0.0,0.0,0.0,0.0,0.0,0.0,0.0,0.0,0.0,0.0,0.0,0.0,0.0,0.0,0.0,0.0,0.0,0.0,0.0,0.0,0.0,0.0,0.0,0.0,0.0,0.0,0.0,0.0,0.0,0.0,0.0,0.0,0.0,0.0,0.0,0.0,0.0,0.0,0.0,0.0,0.0,0.0,0.0,0.0,0.0,0.0,0.0,0.0,0.0,0.0,0.0,0.0,0.0,0.0,0.0,0.0,0.0,0.0,0.0,0.0,0.0,0.0,0.0,0.0,0.0,0.0,0.0,0.0,0.0,0.0,0.0,0.0,0.0,0.0,0.0,0.0,0.0,0.0,0.0,0.0,0.0,0.0,0.0,0.0,0.0,0.0,0.0,0.0,0.0,0.0,0.0,0.0,0.0,0.0,0.0,0.0,0.0,0.0,0.0
0.0,0.0,0.0,0.0,0.0,0.0,0.0,0.0,0.0,0.0,0.0,0.0,0.0,0.0,0.0,0.0,0.0,0.0,0.0,0.0,0.0,0.0,0.0,0.0,0.0,0.0,0.0,0.0,0.0,0.0,0.0,0.0,0.0,0.0,0.0,0.0,0.0,0.0,0.0,0.0,0.0,0.0,0.0,0.0,0.0,0.0,0.0,0.0,0.0,0.0,0.0,0.0,0.0,0.0,0.0,0.0,0.0,0.0,0.0,0.0,0.0,0.0,0.0,0.0,0.0,0.0,0.0,0.0,0.0,0.0,0.0,0.0,0.0,0.0,0.0,0.0,0.0,0.0,0.0,0.0,0.0,0.0,0.0,0.0,0.0,0.0,0.0,0.0,0.0,0.0,0.0,0.0,0.0,0.0,0.0,0.0,0.0,0.0,0.0,0.0
0.0,0.0,0.0,0.0,0.0,0.0,0.0,0.0,0.0,0.0,0.0,0.0,0.0,0.0,0.0,0.0,0.0,0.0,0.0,0.0,0.0,0.0,0.0,0.0,0.0,0.0,0.0,0.0,0.0,0.0,0.0,0.0,0.0,0.0,0.0,0.0,0.0,0.0,0.0,0.0,0.0,0.0,0.0,0.0,0.0,0.0,0.0,0.0,0.0,0.0,0.0,0.0,0.0,0.0,0.0,0.0,0.0,0.0,0.0,0.0,0.0,0.0,0.0,0.0,0.0,0.0,0.0,0.0,0.0,0.0,0.0,0.0,0.0,0.0,0.0,0.0,0.0,0.0,0.0,0.0,0.0,0.0,0.0,0.0,0.0,0.0,0.0,0.0,0.0,0.0,0.0,0.0,0.0,0.0,0.0,0.0,0.0,0.0,0.0,0.0
0.0,0.0,0.0,0.0,0.0,0.0,0.0,0.0,0.0,0.0,0.0,0.0,0.0,0.0,0.0,0.0,0.0,0.0,0.0,0.0,0.0,0.0,0.0,0.0,0.0,0.0,0.0,0.0,0.0,0.0,0.0,0.0,0.0,0.0,0.0,0.0,0.0,0.0,0.0,0.0,0.0,0.0,0.0,0.0,0.0,0.0,0.0,0.0,0.0,0.0,0.0,0.0,0.0,0.0,0.0,0.0,0.0,0.0,0.0,0.0,0.0,0.0,0.0,0.0,0.0,0.0,0.0,0.0,0.0,0.0,0.0,0.0,0.0,0.0,0.0,0.0,0.0,0.0,0.0,0.0,0.0,0.0,0.0,0.0,0.0,0.0,0.0,0.0,0.0,0.0,0.0,0.0,0.0,0.0,0.0,0.0,0.0,0.0,0.0,0.0
0.0,0.0,0.0,0.0,0.0,0.0,0.0,0.0,0.0,0.0,0.0,0.0,0.0,0.0,0.0,0.0,0.0,0.0,0.0,0.0,0.0,0.0,0.0,0.0,0.0,0.0,0.0,0.0,0.0,0.0,0.0,0.0,0.0,0.0,0.0,0.0,0.0,0.0,0.0,0.0,0.0,0.0,0.0,0.0,0.0,0.0,0.0,0.0,0.0,0.0,0.0,0.0,0.0,0.0,0.0,0.0,0.0,0.0,0.0,0.0,0.0,0.0,0.0,0.0,0.0,0.0,0.0,0.0,0.0,0.0,0.0,0.0,0.0,0.0,0.0,0.0,0.0,0.0,0.0,0.0,0.0,0.0,0.0,0.0,0.0,0.0,0.0,0.0,0.0,0.0,0.0,0.0,0.0,0.0,0.0,0.0,0.0,0.0,0.0,0.0
0.0,0.0,0.0,0.0,0.0,0.0,0.0,0.0,0.0,0.0,0.0,0.0,0.0,0.0,0.0,0.0,0.0,0.0,0.0,0.0,0.0,0.0,0.0,0.0,0.0,0.0,0.0,0.0,0.0,0.0,0.0,0.0,0.0,0.0,0.0,0.0,0.0,0.0,0.0,0.0,0.0,0.0,0.0,0.0,0.0,0.0,0.0,0.0,0.0,0.0,0.0,0.0,0.0,0.0,0.0,0.0,0.0,0.0,0.0,0.0,0.0,0.0,0.0,0.0,0.0,0.0,0.0,0.0,0.0,0.0,0.0,0.0,0.0,0.0,0.0,0.0,0.0,0.0,0.0,0.0,0.0,0.0,0.0,0.0,0.0,0.0,0.0,0.0,0.0,0.0,0.0,0.0,0.0,0.0,0.0,0.0,0.0,0.0,0.0,0.0
0.0,0.0,0.0,0.0,0.0,0.0,0.0,0.0,0.0,0.0,0.0,0.0,0.0,0.0,0.0,0.0,0.0,0.0,0.0,0.0,0.0,0.0,0.0,0.0,0.0,0.0,0.0,0.0,0.0,0.0,0.0,0.0,0.0,0.0,0.0,0.0,0.0,0.0,0.0,0.0,0.0,0.0,0.0,0.0,0.0,0.0,0.0,0.0,0.0,0.0,0.0,0.0,0.0,0.0,0.0,0.0,0.0,0.0,0.0,0.0,0.0,0.0,0.0,0.0,0.0,0.0,0.0,0.0,0.0,0.0,0.0,0.0,0.0,0.0,0.0,0.0,0.0,0.0,0.0,0.0,0.0,0.0,0.0,0.0,0.0,0.0,0.0,0.0,0.0,0.0,0.0,0.0,0.0,0.0,0.0,0.0,0.0,0.0,0.0,0.0
0.0,0.0,0.0,0.0,0.0,0.0,0.0,0.0,0.0,0.0,0.0,0.0,0.0,0.0,0.0,0.0,0.0,0.0,0.0,0.0,0.0,0.0,0.0,0.0,0.0,0.0,0.0,0.0,0.0,0.0,0.0,0.0,0.0,0.0,0.0,0.0,0.0,0.0,0.0,0.0,0.0,0.0,0.0,0.0,0.0,0.0,0.0,0.0,0.0,0.0,0.0,0.0,0.0,0.0,0.0,0.0,0.0,0.0,0.0,0.0,0.0,0.0,0.0,0.0,0.0,0.0,0.0,0.0,0.0,0.0,0.0,0.0,0.0,0.0,0.0,0.0,0.0,0.0,0.0,0.0,0.0,0.0,0.0,0.0,0.0,0.0,0.0,0.0,0.0,0.0,0.0,0.0,0.0,0.0,0.0,0.0,0.0,0.0,0.0,0.0
0.0,0.0,0.0,0.0,0.0,0.0,0.0,0.0,0.0,0.0,0.0,0.0,0.0,0.0,0.0,0.0,0.0,0.0,0.0,0.0,0.0,0.0,0.0,0.0,0.0,0.0,0.0,0.0,0.0,0.0,0.0,0.0,0.0,0.0,0.0,0.0,0.0,0.0,0.0,0.0,0.0,0.0,0.0,0.0,0.0,0.0,0.0,0.0,0.0,0.0,0.0,0.0,0.0,0.0,0.0,0.0,0.0,0.0,0.0,0.0,0.0,0.0,0.0,0.0,0.0,0.0,0.0,0.0,0.0,0.0,0.0,0.0,0.0,0.0,0.0,0.0,0.0,0.0,0.0,0.0,0.0,0.0,0.0,0.0,0.0,0.0,0.0,0.0,0.0,0.0,0.0,0.0,0.0,0.0,0.0,0.0,0.0,0.0,0.0,0.0
0.0,0.0,0.0,0.0,0.0,0.0,0.0,0.0,0.0,0.0,0.0,0.0,0.0,0.0,0.0,0.0,0.0,0.0,0.0,0.0,0.0,0.0,0.0,0.0,0.0,0.0,0.0,0.0,0.0,0.0,0.0,0.0,0.0,0.0,0.0,0.0,0.0,0.0,0.0,0.0,0.0,0.0,0.0,0.0,0.0,0.0,0.0,0.0,0.0,0.0,0.0,0.0,0.0,0.0,0.0,0.0,0.0,0.0,0.0,0.0,0.0,0.0,0.0,0.0,0.0,0.0,0.0,0.0,0.0,0.0,0.0,0.0,0.0,0.0,0.0,0.0,0.0,0.0,0.0,0.0,0.0,0.0,0.0,0.0,0.0,0.0,0.0,0.0,0.0,0.0,0.0,0.0,0.0,0.0,0.0,0.0,0.0,0.0,0.0,0.0
0.0,0.0,0.0,0.0,0.0,0.0,0.0,0.0,0.0,0.0,0.0,0.0,0.0,0.0,0.0,0.0,0.0,0.0,0.0,0.0,0.0,0.0,0.0,0.0,0.0,0.0,0.0,0.0,0.0,0.0,0.0,0.0,0.0,0.0,0.0,0.0,0.0,0.0,0.0,0.0,0.0,0.0,0.0,0.0,0.0,0.0,0.0,0.0,0.0,0.0,0.0,0.0,0.0,0.0,0.0,0.0,0.0,0.0,0.0,0.0,0.0,0.0,0.0,0.0,0.0,0.0,0.0,0.0,0.0,0.0,0.0,0.0,0.0,0.0,0.0,0.0,0.0,0.0,0.0,0.0,0.0,0.0,0.0,0.0,0.0,0.0,0.0,0.0,0.0,0.0,0.0,0.0,0.0,0.0,0.0,0.0,0.0,0.0,0.0,0.0
0.0,0.0,0.0,0.0,0.0,0.0,0.0,0.0,0.0,0.0,0.0,0.0,0.0,0.0,0.0,0.0,0.0,0.0,0.0,0.0,0.0,0.0,0.0,0.0,0.0,0.0,0.0,0.0,0.0,0.0,0.0,0.0,0.0,0.0,0.0,0.0,0.0,0.0,0.0,0.0,0.0,0.0,0.0,0.0,0.0,0.0,0.0,0.0,0.0,0.0,0.0,0.0,0.0,0.0,0.0,0.0,0.0,0.0,0.0,0.0,0.0,0.0,0.0,0.0,0.0,0.0,0.0,0.0,0.0,0.0,0.0,0.0,0.0,0.0,0.0,0.0,0.0,0.0,0.0,0.0,0.0,0.0,0.0,0.0,0.0,0.0,0.0,0.0,0.0,0.0,0.0,0.0,0.0,0.0,0.0,0.0,0.0,0.0,0.0,0.0
0.0,0.0,0.0,0.0,0.0,0.0,0.0,0.0,0.0,0.0,0.0,0.0,0.0,0.0,0.0,0.0,0.0,0.0,0.0,0.0,0.0,0.0,0.0,0.0,0.0,0.0,0.0,0.0,0.0,0.0,0.0,0.0,0.0,0.0,0.0,0.0,0.0,0.0,0.0,0.0,0.0,0.0,0.0,0.0,0.0,0.0,0.0,0.0,0.0,0.0,0.0,0.0,0.0,0.0,0.0,0.0,0.0,0.0,0.0,0.0,0.0,0.0,0.0,0.0,0.0,0.0,0.0,0.0,0.0,0.0,0.0,0.0,0.0,0.0,0.0,0.0,0.0,0.0,0.0,0.0,0.0,0.0,0.0,0.0,0.0,0.0,0.0,0.0,0.0,0.0,0.0,0.0,0.0,0.0,0.0,0.0,0.0,0.0,0.0,0.0
0.0,0.0,0.0,0.0,0.0,0.0,0.0,0.0,0.0,0.0,0.0,0.0,0.0,0.0,0.0,0.0,0.0,0.0,0.0,0.0,0.0,0.0,0.0,0.0,0.0,0.0,0.0,0.0,0.0,0.0,0.0,0.0,0.0,0.0,0.0,0.0,0.0,0.0,0.0,0.0,0.0,0.0,0.0,0.0,0.0,0.0,0.0,0.0,0.0,0.0,0.0,0.0,0.0,0.0,0.0,0.0,0.0,0.0,0.0,0.0,0.0,0.0,0.0,0.0,0.0,0.0,0.0,0.0,0.0,0.0,0.0,0.0,0.0,0.0,0.0,0.0,0.0,0.0,0.0,0.0,0.0,0.0,0.0,0.0,0.0,0.0,0.0,0.0,0.0,0.0,0.0,0.0,0.0,0.0,0.0,0.0,0.0,0.0,0.0,0.0
0.0,0.0,0.0,0.0,0.0,0.0,0.0,0.0,0.0,0.0,0.0,0.0,0.0,0.0,0.0,0.0,0.0,0.0,0.0,0.0,0.0,0.0,0.0,0.0,0.0,0.0,0.0,0.0,0.0,0.0,0.0,0.0,0.0,0.0,0.0,0.0,0.0,0.0,0.0,0.0,0.0,0.0,0.0,0.0,0.0,0.0,0.0,0.0,0.0,0.0,0.0,0.0,0.0,0.0,0.0,0.0,0.0,0.0,0.0,0.0,0.0,0.0,0.0,0.0,0.0,0.0,0.0,0.0,0.0,0.0,0.0,0.0,0.0,0.0,0.0,0.0,0.0,0.0,0.0,0.0,0.0,0.0,0.0,0.0,0.0,0.0,0.0,0.0,0.0,0.0,0.0,0.0,0.0,0.0,0.0,0.0,0.0,0.0,0.0,0.0
0.0,0.0,0.0,0.0,0.0,0.0,0.0,0.0,0.0,0.0,0.0,0.0,0.0,0.0,0.0,0.0,0.0,0.0,0.0,0.0,0.0,0.0,0.0,0.0,0.0,0.0,0.0,0.0,0.0,0.0,0.0,0.0,0.0,0.0,0.0,0.0,0.0,0.0,0.0,0.0,0.0,0.0,0.0,0.0,0.0,0.0,0.0,0.0,0.0,0.0,0.0,0.0,0.0,0.0,0.0,0.0,0.0,0.0,0.0,0.0,0.0,0.0,0.0,0.0,0.0,0.0,0.0,0.0,0.0,0.0,0.0,0.0,0.0,0.0,0.0,0.0,0.0,0.0,0.0,0.0,0.0,0.0,0.0,0.0,0.0,0.0,0.0,0.0,0.0,0.0,0.0,0.0,0.0,0.0,0.0,0.0,0.0,0.0,0.0,0.0
