0,1,2,3,4,5,6,7,8,9,10,11,12,13,14,15,16,17,18,19,20,21,22,23,24,25,26,27,28,29,30,31,32,33,34,35,36,37,38,39,40,41,42,43,44,45,46,47,48,49,50,51,52,53,54,55,56,57,58,59,60,61,62,63,64,65,66,67,68,69,70,71,72,73,74,75,76,77,78,79,80,81,82,83,84,85,86,87,88,89,90,91,92,93,94,95,96,97,98,99
2e-05,2e-05,2e-05,2e-05,2e-05,2e-05,2e-05,2e-05,2e-05,2e-05,2e-05,2e-05,2e-05,2e-05,2e-05,2e-05,2e-05,2e-05,2e-05,2e-05,2e-05,2e-05,2e-05,2e-05,2e-05,2e-05,2e-05,2e-05,2e-05,2e-05,2e-05,2e-05,2e-05,2e-05,2e-05,2e-05,2e-05,2e-05,2e-05,2e-05,2e-05,2e-05,2e-05,2e-05,2e-05,2e-05,2e-05,2e-05,2e-05,2e-05,2e-05,2e-05,2e-05,2e-05,2e-05,2e-05,2e-05,2e-05,2e-05,2e-05,2e-05,2e-05,2e-05,2e-05,2e-05,2e-05,2e-05,2e-05,2e-05,2e-05,2e-05,2e-05,2e-05,2e-05,2e-05,2e-05,2e-05,2e-05,2e-05,2e-05,2e-05,2e-05,2e-05,2e-05,2e-05,2e-05,2e-05,2e-05,2e-05,2e-05,2e-05,2e-05,2e-05,2e-05,2e-05,2e-05,2e-05,2e-05,2e-05,2e-05
2e-05,2e-05,2e-05,2e-05,2e-05,2e-05,2e-05,2e-05,2e-05,2e-05,2e-05,2e-05,2e-05,2e-05,2e-05,2e-05,2e-05,2e-05,2e-05,2e-05,2e-05,2e-05,2e-05,2e-05,2e-05,2e-05,2e-05,2e-05,2e-05,2e-05,2e-05,2e-05,2e-05,2e-05,2e-05,2e-05,2e-05,2e-05,2e-05,2e-05,2e-05,2e-05,2e-05,2e-05,2e-05,2e-05,2e-05,2e-05,2e-05,2e-05,2e-05,2e-05,2e-05,2e-05,2e-05,2e-05,2e-05,2e-05,2e-05,2e-05,2e-05,2e-05,2e-05,2e-05,2e-05,2e-05,2e-05,2e-05,2e-05,2e-05,2e-05,2e-05,2e-05,2e-05,2e-05,2e-05,2e-05,2e-05,2e-05,2e-05,2e-05,2e-05,2e-05,2e-05,2e-05,2e-05,2e-05,2e-05,2e-05,2e-05,2e-05,2e-05,2e-05,2e-05,2e-05,2e-05,2e-05,2e-05,2e-05,2e-05
2e-05,2e-05,2e-05,2e-05,2e-05,2e-05,2e-05,2e-05,2e-05,2e-05,2e-05,2e-05,2e-05,2e-05,2e-05,2e-05,2e-05,2e-05,2e-05,2e-05,2e-05,2e-05,2e-05,2e-05,2e-05,2e-05,2e-05,2e-05,2e-05,2e-05,2e-05,2e-05,2e-05,2e-05,2e-05,2e-05,2e-05,2e-05,2e-05,2e-05,2e-05,2e-05,2e-05,2e-05,2e-05,2e-05,2e-05,2e-05,2e-05,2e-05,2e-05,2e-05,2e-05,2e-05,2e-05,2e-05,2e-05,2e-05,2e-05,2e-05,2e-05,2e-05,2e-05,2e-05,2e-05,2e-05,2e-05,2e-05,2e-05,2e-05,2e-05,2e-05,2e-05,2e-05,2e-05,2e-05,2e-05,2e-05,2e-05,2e-05,2e-05,2e-05,2e-05,2e-05,2e-05,2e-05,2e-05,2e-05,2e-05,2e-05,2e-05,2e-05,2e-05,2e-05,2e-05,2e-05,2e-05,2e-05,2e-05,2e-05
2e-05,2e-05,2e-05,2e-05,2e-05,2e-05,2e-05,2e-05,2e-05,2e-05,2e-05,2e-05,2e-05,2e-05,2e-05,2e-05,2e-05,2e-05,2e-05,2e-05,2e-05,2e-05,2e-05,2e-05,2e-05,2e-05,2e-05,2e-05,2e-05,2e-05,2e-05,2e-05,2e-05,2e-05,2e-05,2e-05,2e-05,2e-05,2e-05,2e-05,2e-05,2e-05,2e-05,2e-05,2e-05,2e-05,2e-05,2e-05,2e-05,2e-05,2e-05,2e-05,2e-05,2e-05,2e-05,2e-05,2e-05,2e-05,2e-05,2e-05,2e-05,2e-05,2e-05,2e-05,2e-05,2e-05,2e-05,2e-05,2e-05,2e-05,2e-05,2e-05,2e-05,2e-05,2e-05,2e-05,2e-05,2e-05,2e-05,2e-05,2e-05,2e-05,2e-05,2e-05,0.020019799999999997,2e-05,2e-05,2e-05,2e-05,2e-05,2e-05,2e-05,2e-05,2e-05,2e-05,2e-05,2e-05,2e-05,2e-05,2e-05
2e-05,2e-05,2e-05,2e-05,2e-05,2e-05,2e-05,2e-05,2e-05,2e-05,2e-05,2e-05,2e-05,2e-05,2e-05,2e-05,2e-05,2e-05,2e-05,2e-05,2e-05,2e-05,2e-05,2e-05,2e-05,2e-05,2e-05,2e-05,2e-05,2e-05,2e-05,2e-05,2e-05,2e-05,2e-05,2e-05,2e-05,2e-05,2e-05,2e-05,2e-05,2e-05,2e-05,2e-05,2e-05,2e-05,2e-05,2e-05,2e-05,2e-05,2e-05,2e-05,2e-05,2e-05,2e-05,2e-05,2e-05,2e-05,2e-05,2e-05,2e-05,2e-05,2e-05,2e-05,2e-05,2e-05,2e-05,2e-05,2e-05,2e-05,2e-05,2e-05,2e-05,2e-05,2e-05,2e-05,2e-05,2e-05,2e-05,2e-05,2e-05,0.020019799999999997,0.020019799999999997,0.040019599999999995,1.9400006,0.040019599999999995,0.020019799999999997,0.020019799999999997,2e-05,2e-05,2e-05,2e-05,2e-05,2e-05,2e-05,2e-05,2e-05,2e-05,2e-05,2e-05
2e-05,2e-05,2e-05,2e-05,2e-05,2e-05,2e-05,2e-05,2e-05,2e-05,2e-05,2e-05,2e-05,2e-05,2e-05,2e-05,2e-05,2e-05,2e-05,2e-05,2e-05,2e-05,2e-05,2e-05,2e-05,2e-05,2e-05,2e-05,2e-05,2e-05,2e-05,2e-05,2e-05,2e-05,2e-05,2e-05,2e-05,2e-05,2e-05,2e-05,2e-05,2e-05,2e-05,2e-05,2e-05,2e-05,2e-05,2e-05,2e-05,2e-05,2e-05,2e-05,2e-05,2e-05,2e-05,2e-05,2e-05,2e-05,2e-05,2e-05,2e-05,2e-05,2e-05,2e-05,2e-05,2e-05,2e-05,2e-05,2e-05,2e-05,2e-05,2e-05,2e-05,2e-05,2e-05,2e-05,2e-05,2e-05,2e-05,2e-05,0.040019599999999995,1.9600004,1.9800002,1.9800002,2.0,1.9800002,1.9800002,1.9600004,0.040019599999999995,2e-05,2e-05,2e-05,2e-05,2e-05,2e-05,2e-05,2e-05,2e-05,2e-05,2e-05
2e-05,2e-05,2e-05,2e-05,2e-05,2e-05,2e-05,2e-05,2e-05,2e-05,2e-05,2e-05,2e-05,2e-05,2e-05,2e-05,2e-05,2e-05,2e-05,2e-05,2e-05,2e-05,2e-05,2e-05,2e-05,2e-05,2e-05,2e-05,2e-05,2e-05,2e-05,2e-05,2e-05,2e-05,2e-05,2e-05,2e-05,2e-05,2e-05,2e-05,2e-05,2e-05,2e-05,2e-05,2e-05,2e-05,2e-05,2e-05,2e-05,2e-05,2e-05,2e-05,2e-05,2e-05,2e-05,2e-05,2e-05,2e-05,2e-05,2e-05,2e-05,2e-05,2e-05,2e-05,2e-05,2e-05,2e-05,2e-05,2e-05,2e-05,2e-05,2e-05,2e-05,2e-05,2e-05,2e-05,2e-05,2e-05,2e-05,0.020019799999999997,1.9600004,2.0,2.0,2.0,2.0,2.0,2.0,2.0,1.9600004,0.020019799999999997,2e-05,2e-05,2e-05,2e-05,2e-05,2e-05,2e-05,2e-05,2e-05,2e-05
2e-05,2e-05,2e-05,2e-05,2e-05,2e-05,2e-05,2e-05,2e-05,2e-05,2e-05,2e-05,2e-05,2e-05,2e-05,2e-05,2e-05,2e-05,2e-05,2e-05,2e-05,2e-05,2e-05,2e-05,2e-05,2e-05,2e-05,2e-05,2e-05,2e-05,2e-05,2e-05,2e-05,2e-05,2e-05,2e-05,2e-05,2e-05,2e-05,2e-05,2e-05,2e-05,2e-05,2e-05,2e-05,2e-05,2e-05,2e-05,2e-05,2e-05,2e-05,2e-05,2e-05,2e-05,2e-05,2e-05,2e-05,2e-05,2e-05,2e-05,2e-05,2e-05,2e-05,2e-05,2e-05,2e-05,2e-05,2e-05,2e-05,2e-05,2e-05,2e-05,2e-05,2e-05,2e-05,2e-05,2e-05,2e-05,2e-05,0.020019799999999997,1.9800002,2.0,2.0,2.0,2.0,2.0,2.0,2.0,1.9800002,0.020019799999999997,2e-05,2e-05,2e-05,2e-05,2e-05,2e-05,2e-05,2e-05,2e-05,2e-05
2e-05,2e-05,2e-05,2e-05,2e-05,2e-05,2e-05,2e-05,2e-05,2e-05,2e-05,2e-05,2e-05,2e-05,2e-05,2e-05,2e-05,2e-05,2e-05,2e-05,2e-05,2e-05,2e-05,2e-05,2e-05,2e-05,2e-05,2e-05,2e-05,2e-05,2e-05,2e-05,2e-05,2e-05,2e-05,2e-05,2e-05,2e-05,2e-05,2e-05,2e-05,2e-05,2e-05,2e-05,2e-05,2e-05,2e-05,2e-05,2e-05,2e-05,2e-05,2e-05,2e-05,2e-05,2e-05,2e-05,2e-05,2e-05,2e-05,2e-05,2e-05,2e-05,2e-05,2e-05,2e-05,2e-05,2e-05,2e-05,2e-05,2e-05,2e-05,2e-05,2e-05,2e-05,2e-05,2e-05,2e-05,2e-05,2e-05,0.040019599999999995,1.9800002,2.0,2.0,2.0,2.0,2.0,2.0,2.0,1.9800002,0.040019599999999995,2e-05,2e-05,2e-05,2e-05,2e-05,2e-05,2e-05,2e-05,2e-05,2e-05
2e-05,2e-05,2e-05,2e-05,2e-05,2e-05,2e-05,2e-05,2e-05,2e-05,2e-05,2e-05,2e-05,2e-05,2e-05,2e-05,2e-05,2e-05,2e-05,2e-05,2e-05,2e-05,2e-05,2e-05,2e-05,2e-05,2e-05,2e-05,2e-05,2e-05,2e-05,2e-05,2e-05,2e-05,2e-05,2e-05,2e-05,2e-05,2e-05,2e-05,2e-05,2e-05,2e-05,2e-05,2e-05,2e-05,2e-05,2e-05,2e-05,2e-05,2e-05,2e-05,2e-05,2e-05,2e-05,2e-05,2e-05,2e-05,2e-05,2e-05,2e-05,2e-05,2e-05,2e-05,2e-05,2e-05,2e-05,2e-05,2e-05,2e-05,2e-05,2e-05,2e-05,2e-05,2e-05,2e-05,2e-05,2e-05,0.020019799999999997,1.9400006,2.0,2.0,2.0,2.0,2.0,2.0,2.0,2.0,2.0,1.9400006,0.020019799999999997,2e-05,2e-05,2e-05,2e-05,2e-05,2e-05,2e-05,2e-05,2e-05
2e-05,2e-05,2e-05,2e-05,2e-05,2e-05,2e-05,2e-05,2e-05,2e-05,2e-05,2e-05,2e-05,2e-05,2e-05,2e-05,2e-05,2e-05,2e-05,2e-05,2e-05,2e-05,2e-05,2e-05,2e-05,2e-05,2e-05,2e-05,2e-05,2e-05,2e-05,2e-05,2e-05,2e-05,2e-05,2e-05,2e-05,2e-05,2e-05,2e-05,2e-05,2e-05,2e-05,2e-05,2e-05,2e-05,2e-05,2e-05,2e-05,2e-05,2e-05,2e-05,2e-05,2e-05,2e-05,2e-05,2e-05,2e-05,2e-05,2e-05,2e-05,2e-05,2e-05,2e-05,2e-05,2e-05,2e-05,2e-05,2e-05,2e-05,2e-05,2e-05,2e-05,2e-05,2e-05,2e-05,2e-05,2e-05,2e-05,0.040019599999999995,1.9800002,2.0,2.0,2.0,2.0,2.0,2.0,2.0,1.9800002,0.040019599999999995,2e-05,2e-05,2e-05,2e-05,2e-05,2e-05,2e-05,2e-05,2e-05,2e-05
2e-05,2e-05,2e-05,2e-05,2e-05,2e-05,2e-05,2e-05,2e-05,2e-05,2e-05,2e-05,2e-05,2e-05,2e-05,2e-05,2e-05,2e-05,2e-05,2e-05,2e-05,2e-05,2e-05,2e-05,2e-05,2e-05,2e-05,2e-05,2e-05,2e-05,2e-05,2e-05,2e-05,2e-05,2e-05,2e-05,2e-05,2e-05,2e-05,2e-05,2e-05,2e-05,2e-05,2e-05,2e-05,2e-05,2e-05,2e-05,2e-05,2e-05,2e-05,2e-05,2e-05,2e-05,2e-05,2e-05,2e-05,2e-05,2e-05,2e-05,2e-05,2e-05,2e-05,2e-05,2e-05,2e-05,2e-05,2e-05,2e-05,2e-05,2e-05,2e-05,2e-05,2e-05,2e-05,2e-05,2e-05,2e-05,2e-05,0.020019799999999997,1.9800002,2.0,2.0,2.0,2.0,2.0,2.0,2.0,1.9800002,0.020019799999999997,2e-05,2e-05,2e-05,2e-05,2e-05,2e-05,2e-05,2e-05,2e-05,2e-05
2e-05,2e-05,2e-05,2e-05,2e-05,2e-05,2e-05,2e-05,2e-05,2e-05,2e-05,2e-05,2e-05,2e-05,2e-05,2e-05,2e-05,2e-05,2e-05,2e-05,2e-05,2e-05,2e-05,2e-05,2e-05,2e-05,2e-05,2e-05,2e-05,2e-05,2e-05,2e-05,2e-05,2e-05,2e-05,2e-05,2e-05,2e-05,2e-05,2e-05,2e-05,2e-05,2e-05,2e-05,2e-05,2e-05,2e-05,2e-05,2e-05,2e-05,2e-05,2e-05,2e-05,2e-05,2e-05,2e-05,2e-05,2e-05,2e-05,2e-05,2e-05,2e-05,2e-05,2e-05,2e-05,2e-05,2e-05,2e-05,2e-05,2e-05,2e-05,2e-05,2e-05,2e-05,2e-05,2e-05,2e-05,2e-05,2e-05,0.020019799999999997,1.9600004,2.0,2.0,2.0,2.0,2.0,2.0,2.0,1.9600004,0.020019799999999997,2e-05,2e-05,2e-05,0.020019799999999997,2e-05,2e-05,2e-05,2e-05,2e-05,2e-05
2e-05,2e-05,2e-05,2e-05,2e-05,2e-05,2e-05,2e-05,2e-05,2e-05,2e-05,2e-05,2e-05,2e-05,2e-05,2e-05,2e-05,2e-05,2e-05,2e-05,2e-05,2e-05,2e-05,2e-05,2e-05,2e-05,2e-05,2e-05,2e-05,2e-05,2e-05,2e-05,2e-05,2e-05,2e-05,2e-05,2e-05,2e-05,2e-05,2e-05,2e-05,2e-05,2e-05,2e-05,2e-05,2e-05,2e-05,2e-05,2e-05,2e-05,2e-05,2e-05,2e-05,2e-05,2e-05,2e-05,2e-05,2e-05,2e-05,2e-05,2e-05,2e-05,2e-05,2e-05,2e-05,2e-05,2e-05,2e-05,2e-05,2e-05,2e-05,2e-05,2e-05,2e-05,2e-05,2e-05,2e-05,2e-05,2e-05,2e-05,0.040019599999999995,1.9600004,1.9800002,1.9800002,2.0,1.9800002,1.9800002,1.9600004,0.040019599999999995,2e-05,0.020019799999999997,0.020019799999999997,0.040019599999999995,1.9400006,0.040019599999999995,0.020019799999999997,0.020019799999999997,2e-05,2e-05,2e-05
2e-05,2e-05,2e-05,2e-05,2e-05,2e-05,2e-05,2e-05,2e-05,2e-05,2e-05,2e-05,2e-05,2e-05,2e-05,2e-05,2e-05,2e-05,2e-05,2e-05,2e-05,2e-05,2e-05,2e-05,2e-05,2e-05,2e-05,2e-05,2e-05,2e-05,2e-05,2e-05,2e-05,2e-05,2e-05,2e-05,2e-05,2e-05,2e-05,2e-05,2e-05,2e-05,2e-05,2e-05,2e-05,2e-05,2e-05,2e-05,2e-05,2e-05,2e-05,2e-05,2e-05,2e-05,2e-05,2e-05,2e-05,2e-05,2e-05,2e-05,2e-05,2e-05,2e-05,2e-05,2e-05,2e-05,2e-05,2e-05,2e-05,2e-05,2e-05,2e-05,2e-05,2e-05,2e-05,2e-05,2e-05,2e-05,2e-05,2e-05,2e-05,0.020019799999999997,0.020019799999999997,0.040019599999999995,1.9400006,0.040019599999999995,0.020019799999999997,0.020019799999999997,2e-05,0.040019599999999995,1.9600004,1.9800002,1.9800002,2.0,1.9800002,1.9800002,1.9600004,0.040019599999999995,2e-05,2e-05
2e-05,2e-05,2e-05,2e-05,2e-05,2e-05,2e-05,2e-05,2e-05,2e-05,2e-05,2e-05,2e-05,2e-05,2e-05,2e-05,2e-05,2e-05,2e-05,2e-05,2e-05,2e-05,2e-05,2e-05,2e-05,2e-05,2e-05,2e-05,2e-05,2e-05,2e-05,2e-05,2e-05,2e-05,2e-05,2e-05,2e-05,2e-05,2e-05,2e-05,2e-05,2e-05,2e-05,2e-05,2e-05,2e-05,2e-05,2e-05,2e-05,2e-05,2e-05,2e-05,2e-05,2e-05,2e-05,2e-05,2e-05,2e-05,2e-05,2e-05,2e-05,2e-05,2e-05,2e-05,2e-05,2e-05,2e-05,2e-05,2e-05,2e-05,2e-05,2e-05,2e-05,2e-05,2e-05,2e-05,2e-05,2e-05,2e-05,2e-05,2e-05,2e-05,2e-05,2e-05,0.020019799999999997,2e-05,2e-05,2e-05,0.020019799999999997,1.9600004,2.0,2.0,2.0,2.0,2.0,2.0,2.0,1.9600004,0.020019799999999997,2e-05
2e-05,2e-05,2e-05,2e-05,2e-05,2e-05,2e-05,2e-05,2e-05,2e-05,2e-05,2e-05,2e-05,2e-05,2e-05,2e-05,2e-05,2e-05,2e-05,2e-05,2e-05,2e-05,2e-05,2e-05,2e-05,2e-05,0.020019799999999997,2e-05,2e-05,2e-05,2e-05,2e-05,2e-05,2e-05,2e-05,2e-05,2e-05,2e-05,2e-05,2e-05,2e-05,2e-05,2e-05,2e-05,2e-05,2e-05,2e-05,2e-05,2e-05,2e-05,2e-05,2e-05,2e-05,2e-05,2e-05,2e-05,2e-05,2e-05,2e-05,2e-05,2e-05,2e-05,2e-05,2e-05,2e-05,2e-05,2e-05,2e-05,2e-05,2e-05,2e-05,2e-05,2e-05,2e-05,2e-05,2e-05,2e-05,2e-05,2e-05,2e-05,2e-05,2e-05,2e-05,2e-05,2e-05,2e-05,2e-05,2e-05,0.020019799999999997,1.9800002,2.0,2.0,2.0,2.0,2.0,2.0,2.0,1.9800002,0.020019799999999997,2e-05
2e-05,2e-05,2e-05,2e-05,2e-05,2e-05,2e-05,2e-05,2e-05,2e-05,2e-05,2e-05,2e-05,2e-05,2e-05,2e-05,2e-05,2e-05,2e-05,2e-05,2e-05,2e-05,2e-05,0.020019799999999997,0.020019799999999997,0.040019599999999995,1.9400006,0.040019599999999995,0.020019799999999997,0.020019799999999997,2e-05,2e-05,2e-05,2e-05,2e-05,2e-05,2e-05,2e-05,2e-05,2e-05,2e-05,2e-05,2e-05,2e-05,2e-05,2e-05,2e-05,2e-05,2e-05,2e-05,2e-05,2e-05,2e-05,2e-05,2e-05,2e-05,2e-05,2e-05,2e-05,2e-05,2e-05,2e-05,2e-05,2e-05,2e-05,2e-05,2e-05,2e-05,2e-05,2e-05,2e-05,2e-05,2e-05,2e-05,2e-05,2e-05,2e-05,2e-05,2e-05,2e-05,2e-05,2e-05,2e-05,2e-05,2e-05,2e-05,2e-05,2e-05,0.040019599999999995,1.9800002,2.0,2.0,2.0,2.0,2.0,2.0,2.0,1.9800002,0.040019599999999995,2e-05
2e-05,2e-05,2e-05,2e-05,2e-05,2e-05,2e-05,2e-05,2e-05,2e-05,2e-05,2e-05,2e-05,2e-05,2e-05,2e-05,2e-05,2e-05,2e-05,2e-05,2e-05,2e-05,0.040019599999999995,1.9600004,1.9800002,1.9800002,2.0,1.9800002,1.9800002,1.9600004,0.040019599999999995,2e-05,2e-05,2e-05,2e-05,2e-05,2e-05,2e-05,2e-05,2e-05,2e-05,2e-05,2e-05,2e-05,2e-05,2e-05,2e-05,2e-05,2e-05,2e-05,2e-05,2e-05,2e-05,2e-05,2e-05,2e-05,2e-05,2e-05,2e-05,2e-05,2e-05,2e-05,2e-05,2e-05,2e-05,2e-05,2e-05,2e-05,2e-05,2e-05,2e-05,2e-05,2e-05,2e-05,2e-05,2e-05,2e-05,2e-05,2e-05,2e-05,2e-05,2e-05,2e-05,2e-05,2e-05,2e-05,2e-05,0.020019799999999997,1.9400006,2.0,2.0,2.0,2.0,2.0,2.0,2.0,2.0,2.0,1.9400006,2e-05
2e-05,2e-05,2e-05,2e-05,2e-05,2e-05,2e-05,2e-05,2e-05,2e-05,2e-05,2e-05,2e-05,2e-05,2e-05,2e-05,2e-05,2e-05,2e-05,2e-05,2e-05,0.020019799999999997,1.9600004,2.0,2.0,2.0,2.0,2.0,2.0,2.0,1.9600004,0.020019799999999997,2e-05,2e-05,2e-05,2e-05,2e-05,2e-05,2e-05,2e-05,2e-05,2e-05,2e-05,2e-05,2e-05,2e-05,2e-05,2e-05,2e-05,2e-05,2e-05,2e-05,2e-05,2e-05,2e-05,2e-05,2e-05,2e-05,2e-05,2e-05,2e-05,2e-05,2e-05,2e-05,2e-05,2e-05,2e-05,2e-05,2e-05,2e-05,2e-05,2e-05,2e-05,2e-05,2e-05,2e-05,2e-05,2e-05,2e-05,2e-05,2e-05,2e-05,2e-05,2e-05,2e-05,2e-05,2e-05,2e-05,0.040019599999999995,1.9800002,2.0,2.0,2.0,2.0,2.0,2.0,2.0,1.9800002,0.040019599999999995,2e-05
2e-05,2e-05,2e-05,2e-05,2e-05,2e-05,2e-05,2e-05,2e-05,2e-05,2e-05,2e-05,2e-05,2e-05,2e-05,2e-05,2e-05,2e-05,2e-05,2e-05,2e-05,0.020019799999999997,1.9800002,2.0,2.0,2.0,2.0,2.0,2.0,2.0,1.9800002,0.020019799999999997,2e-05,2e-05,2e-05,2e-05,2e-05,2e-05,2e-05,2e-05,2e-05,2e-05,2e-05,2e-05,2e-05,2e-05,2e-05,2e-05,2e-05,2e-05,2e-05,2e-05,2e-05,2e-05,2e-05,2e-05,2e-05,2e-05,2e-05,2e-05,2e-05,2e-05,2e-05,2e-05,2e-05,2e-05,2e-05,2e-05,2e-05,2e-05,2e-05,2e-05,2e-05,2e-05,2e-05,2e-05,2e-05,2e-05,2e-05,2e-05,2e-05,2e-05,2e-05,2e-05,2e-05,2e-05,2e-05,2e-05,0.020019799999999997,1.9800002,2.0,2.0,2.0,2.0,2.0,2.0,2.0,1.9800002,0.020019799999999997,2e-05
2e-05,2e-05,2e-05,2e-05,2e-05,2e-05,2e-05,2e-05,2e-05,2e-05,2e-05,2e-05,2e-05,2e-05,2e-05,2e-05,2e-05,2e-05,2e-05,2e-05,2e-05,0.040019599999999995,1.9800002,2.0,2.0,2.0,2.0,2.0,2.0,2.0,1.9800002,0.040019599999999995,2e-05,2e-05,2e-05,2e-05,2e-05,2e-05,2e-05,2e-05,2e-05,2e-05,2e-05,2e-05,2e-05,2e-05,2e-05,2e-05,2e-05,2e-05,2e-05,2e-05,2e-05,2e-05,2e-05,2e-05,2e-05,2e-05,2e-05,2e-05,2e-05,2e-05,2e-05,2e-05,2e-05,2e-05,2e-05,2e-05,2e-05,2e-05,2e-05,2e-05,2e-05,2e-05,2e-05,2e-05,2e-05,2e-05,2e-05,2e-05,2e-05,2e-05,2e-05,2e-05,2e-05,2e-05,2e-05,2e-05,0.020019799999999997,1.9600004,2.0,2.0,2.0,2.0,2.0,2.0,2.0,1.9600004,0.020019799999999997,2e-05
2e-05,2e-05,2e-05,2e-05,2e-05,2e-05,2e-05,2e-05,2e-05,2e-05,2e-05,2e-05,2e-05,2e-05,2e-05,2e-05,2e-05,2e-05,2e-05,2e-05,0.020019799999999997,1.9400006,2.0,2.0,2.0,2.0,2.0,2.0,2.0,2.0,2.0,1.9400006,0.020019799999999997,2e-05,2e-05,2e-05,2e-05,2e-05,2e-05,2e-05,2e-05,2e-05,2e-05,2e-05,2e-05,2e-05,2e-05,2e-05,2e-05,2e-05,2e-05,2e-05,2e-05,2e-05,2e-05,2e-05,2e-05,2e-05,2e-05,2e-05,2e-05,2e-05,2e-05,2e-05,2e-05,2e-05,2e-05,2e-05,2e-05,2e-05,2e-05,2e-05,2e-05,2e-05,2e-05,2e-05,2e-05,2e-05,2e-05,2e-05,2e-05,2e-05,2e-05,2e-05,2e-05,2e-05,2e-05,2e-05,2e-05,0.040019599999999995,1.9600004,1.9800002,1.9800002,2.0,1.9800002,1.9800002,1.9600004,0.040019599999999995,2e-05,2e-05
2e-05,2e-05,2e-05,2e-05,2e-05,2e-05,2e-05,2e-05,2e-05,2e-05,2e-05,2e-05,2e-05,2e-05,2e-05,2e-05,2e-05,2e-05,2e-05,2e-05,2e-05,0.040019599999999995,1.9800002,2.0,2.0,2.0,2.0,2.0,2.0,2.0,1.9800002,0.040019599999999995,2e-05,2e-05,2e-05,2e-05,2e-05,2e-05,2e-05,2e-05,2e-05,2e-05,2e-05,2e-05,2e-05,2e-05,2e-05,2e-05,2e-05,2e-05,2e-05,2e-05,2e-05,2e-05,2e-05,2e-05,2e-05,2e-05,2e-05,2e-05,2e-05,2e-05,2e-05,2e-05,2e-05,2e-05,2e-05,2e-05,2e-05,2e-05,2e-05,2e-05,2e-05,2e-05,2e-05,2e-05,2e-05,2e-05,2e-05,2e-05,2e-05,2e-05,2e-05,2e-05,2e-05,2e-05,2e-05,2e-05,2e-05,2e-05,0.020019799999999997,0.020019799999999997,0.040019599999999995,1.9400006,0.040019599999999995,0.020019799999999997,0.020019799999999997,2e-05,2e-05,2e-05
2e-05,2e-05,2e-05,2e-05,2e-05,2e-05,2e-05,2e-05,2e-05,2e-05,2e-05,2e-05,2e-05,2e-05,2e-05,2e-05,2e-05,2e-05,2e-05,2e-05,2e-05,0.020019799999999997,1.9800002,2.0,2.0,2.0,2.0,2.0,2.0,2.0,1.9800002,0.020019799999999997,2e-05,2e-05,2e-05,2e-05,2e-05,2e-05,2e-05,2e-05,2e-05,2e-05,2e-05,2e-05,2e-05,2e-05,2e-05,2e-05,2e-05,2e-05,2e-05,2e-05,2e-05,2e-05,2e-05,2e-05,2e-05,2e-05,2e-05,2e-05,2e-05,2e-05,2e-05,2e-05,2e-05,2e-05,2e-05,2e-05,2e-05,2e-05,2e-05,2e-05,2e-05,2e-05,2e-05,2e-05,2e-05,2e-05,2e-05,2e-05,2e-05,2e-05,2e-05,2e-05,2e-05,2e-05,2e-05,2e-05,2e-05,2e-05,2e-05,2e-05,2e-05,0.020019799999999997,2e-05,2e-05,2e-05,2e-05,2e-05,2e-05
2e-05,2e-05,2e-05,2e-05,2e-05,2e-05,2e-05,2e-05,2e-05,2e-05,2e-05,2e-05,2e-05,2e-05,2e-05,2e-05,2e-05,2e-05,2e-05,2e-05,2e-05,0.020019799999999997,1.9600004,2.0,2.0,2.0,2.0,2.0,2.0,2.0,1.9600004,0.020019799999999997,2e-05,2e-05,2e-05,2e-05,2e-05,2e-05,2e-05,2e-05,2e-05,2e-05,2e-05,2e-05,2e-05,2e-05,2e-05,2e-05,2e-05,2e-05,2e-05,2e-05,2e-05,2e-05,2e-05,2e-05,2e-05,2e-05,2e-05,2e-05,2e-05,2e-05,2e-05,2e-05,2e-05,2e-05,2e-05,2e-05,2e-05,2e-05,2e-05,2e-05,2e-05,2e-05,2e-05,2e-05,2e-05,2e-05,2e-05,2e-05,2e-05,2e-05,2e-05,2e-05,2e-05,2e-05,2e-05,2e-05,2e-05,2e-05,2e-05,2e-05,2e-05,2e-05,2e-05,2e-05,2e-05,2e-05,2e-05,2e-05
2e-05,2e-05,2e-05,2e-05,2e-05,2e-05,2e-05,2e-05,2e-05,2e-05,2e-05,2e-05,2e-05,2e-05,2e-05,2e-05,2e-05,2e-05,2e-05,2e-05,2e-05,2e-05,0.040019599999999995,1.9600004,1.9800002,1.9800002,2.0,1.9800002,1.9800002,1.9600004,0.040019599999999995,2e-05,2e-05,2e-05,2e-05,2e-05,2e-05,2e-05,2e-05,2e-05,2e-05,2e-05,2e-05,2e-05,2e-05,2e-05,2e-05,2e-05,2e-05,2e-05,2e-05,2e-05,2e-05,2e-05,2e-05,2e-05,2e-05,2e-05,2e-05,2e-05,2e-05,2e-05,2e-05,2e-05,2e-05,2e-05,2e-05,2e-05,2e-05,2e-05,2e-05,2e-05,2e-05,2e-05,2e-05,2e-05,2e-05,2e-05,2e-05,2e-05,2e-05,2e-05,2e-05,2e-05,2e-05,2e-05,2e-05,2e-05,2e-05,2e-05,2e-05,2e-05,2e-05,2e-05,2e-05,2e-05,2e-05,2e-05,2e-05,2e-05
2e-05,2e-05,2e-05,2e-05,2e-05,2e-05,2e-05,2e-05,2e-05,2e-05,2e-05,2e-05,2e-05,2e-05,2e-05,2e-05,2e-05,2e-05,2e-05,2e-05,2e-05,2e-05,2e-05,0.020019799999999997,0.020019799999999997,0.040019599999999995,1.9400006,0.040019599999999995,0.020019799999999997,0.020019799999999997,2e-05,2e-05,2e-05,2e-05,2e-05,2e-05,2e-05,2e-05,2e-05,2e-05,2e-05,2e-05,2e-05,2e-05,2e-05,2e-05,2e-05,2e-05,2e-05,2e-05,2e-05,2e-05,2e-05,2e-05,2e-05,2e-05,2e-05,2e-05,2e-05,2e-05,2e-05,2e-05,2e-05,2e-05,2e-05,2e-05,2e-05,2e-05,2e-05,2e-05,2e-05,2e-05,2e-05,2e-05,2e-05,2e-05,2e-05,2e-05,2e-05,2e-05,2e-05,2e-05,2e-05,2e-05,2e-05,2e-05,2e-05,2e-05,2e-05,2e-05,2e-05,2e-05,2e-05,2e-05,2e-05,2e-05,2e-05,2e-05,2e-05,2e-05
2e-05,2e-05,2e-05,2e-05,2e-05,2e-05,2e-05,2e-05,2e-05,2e-05,2e-05,2e-05,2e-05,2e-05,2e-05,2e-05,2e-05,2e-05,2e-05,2e-05,2e-05,2e-05,2e-05,2e-05,2e-05,2e-05,0.020019799999999997,2e-05,2e-05,2e-05,2e-05,2e-05,2e-05,2e-05,2e-05,2e-05,2e-05,2e-05,2e-05,2e-05,2e-05,2e-05,2e-05,2e-05,2e-05,2e-05,2e-05,2e-05,2e-05,2e-05,2e-05,2e-05,2e-05,2e-05,2e-05,2e-05,2e-05,2e-05,2e-05,2e-05,2e-05,2e-05,2e-05,2e-05,2e-05,2e-05,2e-05,2e-05,2e-05,2e-05,2e-05,2e-05,2e-05,2e-05,2e-05,2e-05,2e-05,2e-05,2e-05,2e-05,2e-05,2e-05,2e-05,2e-05,2e-05,2e-05,2e-05,2e-05,0.020019799999999997,2e-05,2e-05,2e-05,2e-05,2e-05,2e-05,2e-05,2e-05,2e-05,2e-05,2e-05
2e-05,2e-05,2e-05,2e-05,2e-05,2e-05,2e-05,2e-05,2e-05,2e-05,2e-05,2e-05,2e-05,2e-05,2e-05,2e-05,2e-05,2e-05,2e-05,2e-05,2e-05,2e-05,2e-05,2e-05,2e-05,2e-05,2e-05,2e-05,2e-05,2e-05,2e-05,2e-05,2e-05,2e-05,2e-05,2e-05,2e-05,2e-05,2e-05,2e-05,2e-05,2e-05,2e-05,2e-05,2e-05,2e-05,2e-05,2e-05,2e-05,2e-05,2e-05,2e-05,2e-05,2e-05,2e-05,2e-05,2e-05,2e-05,2e-05,2e-05,2e-05,2e-05,2e-05,2e-05,2e-05,2e-05,2e-05,2e-05,2e-05,2e-05,2e-05,2e-05,2e-05,2e-05,2e-05,2e-05,2e-05,2e-05,2e-05,2e-05,2e-05,2e-05,2e-05,2e-05,2e-05,0.020019799999999997,0.020019799999999997,0.040019599999999995,1.9400006,0.040019599999999995,0.020019799999999997,0.020019799999999997,2e-05,2e-05,2e-05,2e-05,2e-05,2e-05,2e-05,2e-05
2e-05,2e-05,2e-05,2e-05,2e-05,2e-05,2e-05,2e-05,2e-05,2e-05,2e-05,2e-05,2e-05,2e-05,2e-05,2e-05,2e-05,2e-05,2e-05,2e-05,2e-05,2e-05,2e-05,2e-05,2e-05,2e-05,2e-05,2e-05,2e-05,2e-05,2e-05,2e-05,2e-05,2e-05,2e-05,2e-05,2e-05,2e-05,2e-05,2e-05,2e-05,2e-05,2e-05,2e-05,2e-05,2e-05,2e-05,2e-05,2e-05,2e-05,2e-05,2e-05,2e-05,2e-05,0.020019799999999997,2e-05,2e-05,2e-05,2e-05,2e-05,2e-05,2e-05,2e-05,2e-05,2e-05,2e-05,2e-05,2e-05,2e-05,2e-05,2e-05,2e-05,2e-05,2e-05,2e-05,2e-05,2e-05,2e-05,2e-05,2e-05,2e-05,2e-05,2e-05,2e-05,0.040019599999999995,1.9600004,1.9800002,1.9800002,2.0,1.9800002,1.9800002,1.9600004,0.040019599999999995,2e-05,2e-05,2e-05,2e-05,2e-05,2e-05,2e-05
2e-05,2e-05,2e-05,2e-05,2e-05,2e-05,2e-05,2e-05,2e-05,2e-05,2e-05,2e-05,2e-05,2e-05,2e-05,2e-05,2e-05,2e-05,2e-05,2e-05,2e-05,2e-05,2e-05,2e-05,2e-05,2e-05,2e-05,2e-05,2e-05,2e-05,2e-05,2e-05,2e-05,2e-05,2e-05,2e-05,2e-05,2e-05,2e-05,2e-05,2e-05,2e-05,2e-05,2e-05,2e-05,2e-05,2e-05,2e-05,2e-05,2e-05,2e-05,0.020019799999999997,0.020019799999999997,0.040019599999999995,1.9400006,0.040019599999999995,0.020019799999999997,0.020019799999999997,2e-05,2e-05,2e-05,2e-05,2e-05,2e-05,2e-05,2e-05,2e-05,2e-05,2e-05,2e-05,2e-05,2e-05,2e-05,2e-05,2e-05,2e-05,2e-05,2e-05,2e-05,2e-05,2e-05,2e-05,2e-05,0.020019799999999997,1.9600004,2.0,2.0,2.0,2.0,2.0,2.0,2.0,1.9600004,0.020019799999999997,2e-05,2e-05,2e-05,2e-05,2e-05,2e-05
2e-05,2e-05,2e-05,2e-05,2e-05,2e-05,2e-05,2e-05,2e-05,2e-05,2e-05,2e-05,2e-05,2e-05,2e-05,2e-05,2e-05,2e-05,2e-05,2e-05,2e-05,2e-05,2e-05,2e-05,2e-05,2e-05,2e-05,2e-05,2e-05,2e-05,2e-05,2e-05,2e-05,2e-05,2e-05,2e-05,2e-05,2e-05,2e-05,2e-05,2e-05,2e-05,2e-05,2e-05,2e-05,2e-05,2e-05,2e-05,2e-05,2e-05,0.040019599999999995,1.9600004,1.9800002,1.9800002,2.0,1.9800002,1.9800002,1.9600004,0.040019599999999995,2e-05,2e-05,2e-05,2e-05,2e-05,2e-05,2e-05,2e-05,2e-05,2e-05,2e-05,2e-05,2e-05,2e-05,2e-05,2e-05,2e-05,2e-05,2e-05,2e-05,2e-05,2e-05,2e-05,2e-05,0.020019799999999997,1.9800002,2.0,2.0,2.0,2.0,2.0,2.0,2.0,1.9800002,0.020019799999999997,2e-05,2e-05,2e-05,2e-05,2e-05,2e-05
2e-05,2e-05,2e-05,2e-05,2e-05,2e-05,2e-05,2e-05,2e-05,2e-05,2e-05,2e-05,2e-05,2e-05,2e-05,2e-05,2e-05,2e-05,2e-05,2e-05,2e-05,2e-05,2e-05,2e-05,2e-05,2e-05,2e-05,2e-05,2e-05,2e-05,2e-05,2e-05,2e-05,2e-05,2e-05,2e-05,2e-05,2e-05,2e-05,2e-05,2e-05,2e-05,2e-05,2e-05,2e-05,2e-05,2e-05,2e-05,2e-05,0.020019799999999997,1.9600004,2.0,2.0,2.0,2.0,2.0,2.0,2.0,1.9600004,0.020019799999999997,2e-05,2e-05,2e-05,2e-05,2e-05,2e-05,2e-05,2e-05,2e-05,2e-05,2e-05,2e-05,2e-05,2e-05,2e-05,2e-05,2e-05,2e-05,2e-05,2e-05,2e-05,2e-05,2e-05,0.040019599999999995,1.9800002,2.0,2.0,2.0,2.0,2.0,2.0,2.0,1.9800002,0.040019599999999995,2e-05,2e-05,2e-05,2e-05,2e-05,2e-05
2e-05,2e-05,2e-05,2e-05,2e-05,2e-05,2e-05,2e-05,2e-05,2e-05,2e-05,2e-05,2e-05,2e-05,2e-05,2e-05,2e-05,2e-05,2e-05,2e-05,2e-05,2e-05,2e-05,2e-05,2e-05,2e-05,2e-05,2e-05,2e-05,2e-05,2e-05,2e-05,2e-05,2e-05,2e-05,2e-05,2e-05,2e-05,2e-05,2e-05,2e-05,2e-05,2e-05,2e-05,2e-05,2e-05,2e-05,2e-05,2e-05,0.020019799999999997,1.9800002,2.0,2.0,2.0,2.0,2.0,2.0,2.0,1.9800002,0.020019799999999997,2e-05,2e-05,2e-05,2e-05,2e-05,2e-05,2e-05,2e-05,2e-05,2e-05,2e-05,2e-05,2e-05,2e-05,2e-05,2e-05,2e-05,2e-05,2e-05,2e-05,2e-05,2e-05,0.020019799999999997,1.9400006,2.0,2.0,2.0,2.0,2.0,2.0,2.0,2.0,2.0,1.9400006,0.020019799999999997,2e-05,2e-05,2e-05,2e-05,2e-05
2e-05,2e-05,2e-05,2e-05,2e-05,2e-05,2e-05,2e-05,2e-05,2e-05,2e-05,2e-05,2e-05,2e-05,2e-05,2e-05,2e-05,2e-05,2e-05,2e-05,2e-05,2e-05,2e-05,2e-05,2e-05,2e-05,2e-05,2e-05,2e-05,2e-05,2e-05,2e-05,2e-05,2e-05,2e-05,2e-05,2e-05,2e-05,2e-05,2e-05,2e-05,2e-05,2e-05,2e-05,2e-05,2e-05,2e-05,2e-05,2e-05,0.040019599999999995,1.9800002,2.0,2.0,2.0,2.0,2.0,2.0,2.0,1.9800002,0.040019599999999995,2e-05,2e-05,2e-05,2e-05,2e-05,2e-05,2e-05,2e-05,2e-05,2e-05,2e-05,2e-05,2e-05,2e-05,2e-05,2e-05,2e-05,2e-05,2e-05,2e-05,2e-05,2e-05,2e-05,0.040019599999999995,1.9800002,2.0,2.0,2.0,2.0,2.0,2.0,2.0,1.9800002,0.040019599999999995,2e-05,2e-05,2e-05,2e-05,2e-05,2e-05
2e-05,2e-05,2e-05,2e-05,2e-05,2e-05,2e-05,2e-05,2e-05,2e-05,2e-05,2e-05,2e-05,2e-05,2e-05,2e-05,2e-05,2e-05,2e-05,2e-05,2e-05,2e-05,2e-05,2e-05,2e-05,2e-05,2e-05,2e-05,2e-05,2e-05,2e-05,2e-05,2e-05,2e-05,2e-05,2e-05,2e-05,2e-05,2e-05,2e-05,2e-05,2e-05,2e-05,2e-05,2e-05,2e-05,2e-05,2e-05,0.020019799999999997,1.9400006,2.0,2.0,2.0,2.0,2.0,2.0,2.0,2.0,2.0,1.9400006,0.020019799999999997,2e-05,2e-05,2e-05,2e-05,2e-05,2e-05,2e-05,2e-05,2e-05,2e-05,2e-05,2e-05,2e-05,2e-05,2e-05,2e-05,2e-05,2e-05,2e-05,2e-05,2e-05,2e-05,0.020019799999999997,1.9800002,2.0,2.0,2.0,2.0,2.0,2.0,2.0,1.9800002,0.020019799999999997,2e-05,2e-05,2e-05,2e-05,2e-05,2e-05
2e-05,2e-05,2e-05,2e-05,2e-05,2e-05,2e-05,2e-05,2e-05,2e-05,2e-05,2e-05,2e-05,2e-05,2e-05,2e-05,2e-05,2e-05,2e-05,2e-05,2e-05,2e-05,2e-05,2e-05,2e-05,2e-05,2e-05,2e-05,2e-05,2e-05,2e-05,2e-05,2e-05,2e-05,2e-05,2e-05,2e-05,2e-05,2e-05,2e-05,2e-05,2e-05,2e-05,2e-05,2e-05,2e-05,2e-05,2e-05,2e-05,0.040019599999999995,1.9800002,2.0,2.0,2.0,2.0,2.0,2.0,2.0,1.9800002,0.040019599999999995,2e-05,2e-05,2e-05,2e-05,2e-05,2e-05,2e-05,2e-05,2e-05,2e-05,2e-05,2e-05,2e-05,2e-05,2e-05,2e-05,2e-05,2e-05,2e-05,2e-05,2e-05,2e-05,2e-05,0.020019799999999997,1.9600004,2.0,2.0,2.0,2.0,2.0,2.0,2.0,1.9600004,0.020019799999999997,2e-05,2e-05,2e-05,2e-05,2e-05,2e-05
2e-05,2e-05,2e-05,2e-05,2e-05,2e-05,2e-05,2e-05,2e-05,2e-05,2e-05,2e-05,2e-05,2e-05,2e-05,2e-05,2e-05,2e-05,2e-05,2e-05,2e-05,2e-05,2e-05,2e-05,2e-05,2e-05,2e-05,2e-05,2e-05,2e-05,2e-05,2e-05,2e-05,2e-05,2e-05,2e-05,2e-05,2e-05,2e-05,2e-05,2e-05,2e-05,2e-05,2e-05,2e-05,2e-05,2e-05,2e-05,2e-05,0.020019799999999997,1.9800002,2.0,2.0,2.0,2.0,2.0,2.0,2.0,1.9800002,0.020019799999999997,2e-05,2e-05,2e-05,2e-05,2e-05,2e-05,2e-05,2e-05,2e-05,2e-05,2e-05,2e-05,2e-05,2e-05,2e-05,2e-05,2e-05,2e-05,2e-05,2e-05,2e-05,2e-05,2e-05,2e-05,0.040019599999999995,1.9600004,1.9800002,1.9800002,2.0,1.9800002,1.9800002,1.9600004,0.040019599999999995,2e-05,2e-05,2e-05,2e-05,2e-05,2e-05,2e-05
2e-05,2e-05,2e-05,2e-05,2e-05,2e-05,2e-05,2e-05,2e-05,2e-05,2e-05,2e-05,2e-05,2e-05,2e-05,2e-05,2e-05,2e-05,2e-05,2e-05,2e-05,2e-05,2e-05,2e-05,2e-05,2e-05,2e-05,2e-05,2e-05,2e-05,2e-05,2e-05,2e-05,2e-05,2e-05,2e-05,2e-05,2e-05,2e-05,2e-05,2e-05,2e-05,2e-05,2e-05,2e-05,2e-05,2e-05,2e-05,2e-05,0.020019799999999997,1.9600004,2.0,2.0,2.0,2.0,2.0,2.0,2.0,1.9600004,0.020019799999999997,2e-05,2e-05,2e-05,2e-05,2e-05,2e-05,2e-05,2e-05,2e-05,2e-05,2e-05,2e-05,2e-05,2e-05,2e-05,2e-05,2e-05,2e-05,2e-05,2e-05,2e-05,2e-05,2e-05,2e-05,2e-05,0.020019799999999997,0.020019799999999997,0.040019599999999995,1.9400006,0.040019599999999995,0.020019799999999997,0.020019799999999997,2e-05,2e-05,2e-05,2e-05,2e-05,2e-05,2e-05,2e-05
2e-05,2e-05,2e-05,2e-05,2e-05,2e-05,2e-05,2e-05,2e-05,2e-05,2e-05,2e-05,2e-05,2e-05,2e-05,2e-05,2e-05,2e-05,2e-05,2e-05,2e-05,2e-05,2e-05,2e-05,2e-05,2e-05,2e-05,2e-05,2e-05,2e-05,2e-05,2e-05,2e-05,2e-05,2e-05,2e-05,2e-05,2e-05,2e-05,2e-05,2e-05,2e-05,2e-05,2e-05,2e-05,2e-05,2e-05,2e-05,2e-05,2e-05,0.040019599999999995,1.9600004,1.9800002,1.9800002,2.0,1.9800002,1.9800002,1.9600004,0.040019599999999995,2e-05,2e-05,2e-05,2e-05,2e-05,2e-05,2e-05,2e-05,2e-05,2e-05,2e-05,2e-05,2e-05,2e-05,2e-05,2e-05,2e-05,2e-05,2e-05,2e-05,2e-05,2e-05,2e-05,2e-05,2e-05,2e-05,2e-05,2e-05,2e-05,0.020019799999999997,2e-05,2e-05,2e-05,2e-05,2e-05,2e-05,2e-05,2e-05,2e-05,2e-05,2e-05
2e-05,2e-05,2e-05,2e-05,2e-05,2e-05,2e-05,2e-05,2e-05,2e-05,2e-05,2e-05,2e-05,2e-05,2e-05,2e-05,2e-05,2e-05,2e-05,2e-05,2e-05,2e-05,2e-05,2e-05,2e-05,2e-05,2e-05,2e-05,2e-05,2e-05,2e-05,2e-05,2e-05,2e-05,2e-05,2e-05,2e-05,2e-05,2e-05,2e-05,2e-05,2e-05,2e-05,2e-05,2e-05,2e-05,2e-05,2e-05,2e-05,2e-05,2e-05,0.020019799999999997,0.020019799999999997,0.040019599999999995,1.9400006,0.040019599999999995,0.020019799999999997,0.020019799999999997,2e-05,2e-05,2e-05,2e-05,2e-05,2e-05,2e-05,2e-05,2e-05,2e-05,2e-05,2e-05,2e-05,2e-05,2e-05,2e-05,2e-05,2e-05,2e-05,2e-05,2e-05,2e-05,2e-05,2e-05,2e-05,2e-05,2e-05,2e-05,2e-05,2e-05,2e-05,2e-05,2e-05,2e-05,2e-05,2e-05,2e-05,2e-05,2e-05,2e-05,2e-05,2e-05
2e-05,2e-05,2e-05,2e-05,2e-05,2e-05,2e-05,2e-05,2e-05,2e-05,2e-05,2e-05,2e-05,2e-05,2e-05,2e-05,2e-05,2e-05,2e-05,2e-05,2e-05,2e-05,2e-05,2e-05,2e-05,2e-05,2e-05,2e-05,2e-05,2e-05,2e-05,2e-05,2e-05,2e-05,2e-05,2e-05,2e-05,2e-05,2e-05,2e-05,2e-05,2e-05,2e-05,2e-05,2e-05,2e-05,2e-05,2e-05,2e-05,2e-05,2e-05,2e-05,2e-05,2e-05,0.020019799999999997,2e-05,2e-05,2e-05,2e-05,2e-05,2e-05,2e-05,2e-05,2e-05,2e-05,2e-05,2e-05,2e-05,2e-05,2e-05,2e-05,2e-05,2e-05,2e-05,2e-05,2e-05,2e-05,2e-05,2e-05,2e-05,2e-05,2e-05,2e-05,2e-05,2e-05,2e-05,2e-05,2e-05,2e-05,2e-05,2e-05,2e-05,2e-05,2e-05,2e-05,2e-05,2e-05,2e-05,2e-05,2e-05
2e-05,2e-05,2e-05,2e-05,2e-05,2e-05,2e-05,2e-05,2e-05,2e-05,2e-05,2e-05,2e-05,2e-05,2e-05,2e-05,2e-05,2e-05,2e-05,2e-05,2e-05,2e-05,2e-05,2e-05,2e-05,2e-05,2e-05,2e-05,2e-05,2e-05,2e-05,2e-05,2e-05,2e-05,2e-05,2e-05,2e-05,2e-05,2e-05,2e-05,2e-05,2e-05,2e-05,2e-05,2e-05,2e-05,2e-05,2e-05,2e-05,2e-05,2e-05,2e-05,2e-05,2e-05,2e-05,2e-05,2e-05,2e-05,2e-05,2e-05,2e-05,2e-05,2e-05,2e-05,2e-05,2e-05,2e-05,2e-05,2e-05,2e-05,2e-05,2e-05,2e-05,2e-05,2e-05,2e-05,2e-05,2e-05,2e-05,2e-05,2e-05,2e-05,2e-05,2e-05,2e-05,2e-05,2e-05,2e-05,2e-05,2e-05,2e-05,2e-05,2e-05,2e-05,2e-05,2e-05,2e-05,2e-05,2e-05,2e-05
2e-05,2e-05,2e-05,2e-05,2e-05,2e-05,2e-05,2e-05,2e-05,2e-05,2e-05,2e-05,2e-05,2e-05,2e-05,2e-05,2e-05,2e-05,2e-05,2e-05,2e-05,2e-05,2e-05,2e-05,2e-05,2e-05,2e-05,2e-05,2e-05,2e-05,2e-05,2e-05,2e-05,2e-05,2e-05,2e-05,2e-05,2e-05,2e-05,2e-05,2e-05,2e-05,2e-05,2e-05,2e-05,2e-05,2e-05,2e-05,2e-05,2e-05,2e-05,2e-05,2e-05,2e-05,2e-05,2e-05,2e-05,2e-05,2e-05,2e-05,2e-05,2e-05,2e-05,2e-05,2e-05,2e-05,2e-05,2e-05,2e-05,2e-05,2e-05,2e-05,2e-05,2e-05,2e-05,2e-05,2e-05,2e-05,2e-05,2e-05,2e-05,2e-05,2e-05,2e-05,2e-05,2e-05,2e-05,2e-05,2e-05,2e-05,2e-05,2e-05,2e-05,2e-05,2e-05,2e-05,2e-05,2e-05,2e-05,2e-05
2e-05,2e-05,2e-05,2e-05,2e-05,2e-05,2e-05,2e-05,2e-05,2e-05,2e-05,2e-05,2e-05,2e-05,2e-05,2e-05,2e-05,2e-05,2e-05,2e-05,2e-05,2e-05,2e-05,2e-05,2e-05,2e-05,2e-05,2e-05,2e-05,2e-05,2e-05,2e-05,2e-05,2e-05,2e-05,2e-05,2e-05,2e-05,2e-05,2e-05,2e-05,2e-05,2e-05,2e-05,2e-05,2e-05,2e-05,2e-05,2e-05,2e-05,2e-05,2e-05,2e-05,2e-05,2e-05,2e-05,2e-05,2e-05,2e-05,2e-05,2e-05,2e-05,2e-05,2e-05,2e-05,2e-05,2e-05,2e-05,2e-05,2e-05,2e-05,2e-05,2e-05,2e-05,2e-05,2e-05,2e-05,2e-05,2e-05,2e-05,2e-05,2e-05,2e-05,2e-05,2e-05,2e-05,2e-05,2e-05,2e-05,2e-05,2e-05,2e-05,2e-05,2e-05,2e-05,2e-05,2e-05,2e-05,2e-05,2e-05
2e-05,2e-05,2e-05,2e-05,2e-05,2e-05,2e-05,2e-05,2e-05,2e-05,2e-05,2e-05,2e-05,2e-05,2e-05,2e-05,2e-05,2e-05,2e-05,2e-05,2e-05,2e-05,2e-05,2e-05,2e-05,2e-05,2e-05,2e-05,2e-05,2e-05,2e-05,2e-05,2e-05,2e-05,2e-05,2e-05,2e-05,2e-05,2e-05,2e-05,2e-05,2e-05,2e-05,2e-05,2e-05,2e-05,2e-05,2e-05,2e-05,2e-05,2e-05,2e-05,2e-05,2e-05,2e-05,2e-05,2e-05,2e-05,2e-05,2e-05,2e-05,2e-05,2e-05,2e-05,2e-05,2e-05,2e-05,2e-05,2e-05,2e-05,2e-05,2e-05,2e-05,2e-05,2e-05,2e-05,2e-05,2e-05,2e-05,2e-05,2e-05,2e-05,2e-05,2e-05,2e-05,2e-05,2e-05,2e-05,2e-05,2e-05,2e-05,2e-05,2e-05,2e-05,2e-05,2e-05,2e-05,2e-05,2e-05,2e-05
2e-05,2e-05,2e-05,2e-05,2e-05,2e-05,2e-05,2e-05,2e-05,2e-05,2e-05,2e-05,2e-05,2e-05,2e-05,2e-05,2e-05,2e-05,2e-05,2e-05,2e-05,2e-05,2e-05,2e-05,2e-05,2e-05,2e-05,2e-05,2e-05,2e-05,2e-05,2e-05,2e-05,2e-05,2e-05,2e-05,2e-05,2e-05,2e-05,2e-05,2e-05,2e-05,2e-05,2e-05,2e-05,2e-05,2e-05,2e-05,2e-05,2e-05,2e-05,2e-05,2e-05,2e-05,2e-05,2e-05,2e-05,2e-05,2e-05,2e-05,2e-05,2e-05,2e-05,2e-05,2e-05,2e-05,2e-05,2e-05,2e-05,2e-05,2e-05,2e-05,2e-05,2e-05,2e-05,2e-05,2e-05,2e-05,2e-05,2e-05,2e-05,2e-05,2e-05,2e-05,2e-05,2e-05,2e-05,2e-05,2e-05,2e-05,2e-05,2e-05,2e-05,2e-05,2e-05,2e-05,2e-05,2e-05,2e-05,2e-05
2e-05,2e-05,2e-05,2e-05,2e-05,2e-05,2e-05,2e-05,2e-05,2e-05,2e-05,2e-05,2e-05,2e-05,2e-05,2e-05,2e-05,2e-05,2e-05,2e-05,2e-05,2e-05,2e-05,2e-05,2e-05,2e-05,2e-05,2e-05,2e-05,2e-05,2e-05,2e-05,2e-05,2e-05,2e-05,2e-05,2e-05,2e-05,2e-05,2e-05,2e-05,2e-05,2e-05,2e-05,2e-05,2e-05,2e-05,2e-05,2e-05,2e-05,2e-05,2e-05,2e-05,2e-05,2e-05,2e-05,2e-05,2e-05,2e-05,2e-05,2e-05,2e-05,2e-05,2e-05,2e-05,2e-05,2e-05,2e-05,2e-05,2e-05,2e-05,2e-05,2e-05,2e-05,2e-05,2e-05,2e-05,2e-05,2e-05,2e-05,2e-05,2e-05,2e-05,2e-05,2e-05,2e-05,2e-05,2e-05,2e-05,2e-05,2e-05,2e-05,2e-05,2e-05,2e-05,2e-05,2e-05,2e-05,2e-05,2e-05
2e-05,2e-05,2e-05,2e-05,2e-05,2e-05,2e-05,2e-05,2e-05,2e-05,2e-05,2e-05,2e-05,2e-05,2e-05,2e-05,2e-05,2e-05,2e-05,2e-05,2e-05,2e-05,2e-05,2e-05,2e-05,2e-05,2e-05,2e-05,2e-05,2e-05,2e-05,2e-05,2e-05,2e-05,2e-05,2e-05,2e-05,2e-05,2e-05,2e-05,2e-05,2e-05,2e-05,2e-05,2e-05,2e-05,2e-05,2e-05,2e-05,1.98e-05,1.98e-05,1.98e-05,2e-05,2e-05,2e-05,2e-05,2e-05,2e-05,2e-05,2e-05,2e-05,2e-05,2e-05,2e-05,2e-05,2e-05,2e-05,2e-05,2e-05,2e-05,2e-05,2e-05,2e-05,2e-05,2e-05,2e-05,2e-05,2e-05,2e-05,2e-05,2e-05,2e-05,2e-05,2e-05,2e-05,2e-05,2e-05,2e-05,2e-05,2e-05,2e-05,2e-05,2e-05,2e-05,2e-05,2e-05,2e-05,2e-05,2e-05,2e-05
2e-05,2e-05,2e-05,2e-05,2e-05,2e-05,2e-05,2e-05,2e-05,2e-05,2e-05,2e-05,2e-05,2e-05,2e-05,2e-05,2e-05,2e-05,2e-05,0.020019799999999997,2e-05,2e-05,2e-05,2e-05,2e-05,2e-05,2e-05,2e-05,2e-05,2e-05,2e-05,2e-05,2e-05,2e-05,2e-05,2e-05,2e-05,2e-05,2e-05,2e-05,2e-05,2e-05,2e-05,2e-05,2e-05,2e-05,2e-05,2e-05,2e-05,1.98e-05,1.98e-05,1.98e-05,2e-05,2e-05,2e-05,2e-05,2e-05,2e-05,2e-05,2e-05,2e-05,2e-05,2e-05,2e-05,2e-05,2e-05,2e-05,2e-05,2e-05,2e-05,2e-05,2e-05,2e-05,2e-05,2e-05,2e-05,2e-05,2e-05,2e-05,2e-05,2e-05,2e-05,2e-05,2e-05,2e-05,2e-05,2e-05,2e-05,2e-05,2e-05,2e-05,2e-05,2e-05,2e-05,2e-05,2e-05,2e-05,2e-05,2e-05,2e-05
2e-05,2e-05,2e-05,2e-05,2e-05,2e-05,2e-05,2e-05,2e-05,2e-05,2e-05,2e-05,2e-05,2e-05,2e-05,2e-05,0.020019799999999997,0.020019799999999997,0.040019599999999995,1.9400006,0.040019599999999995,0.020019799999999997,0.020019799999999997,2e-05,2e-05,2e-05,2e-05,2e-05,2e-05,2e-05,2e-05,2e-05,2e-05,2e-05,2e-05,2e-05,2e-05,2e-05,2e-05,2e-05,2e-05,2e-05,2e-05,2e-05,2e-05,2e-05,2e-05,2e-05,2e-05,1.98e-05,1.98e-05,1.98e-05,2e-05,2e-05,2e-05,2e-05,2e-05,2e-05,2e-05,2e-05,2e-05,2e-05,2e-05,2e-05,2e-05,2e-05,2e-05,2e-05,2e-05,2e-05,2e-05,2e-05,2e-05,2e-05,2e-05,2e-05,2e-05,2e-05,2e-05,2e-05,2e-05,2e-05,2e-05,2e-05,2e-05,2e-05,2e-05,2e-05,2e-05,2e-05,2e-05,2e-05,2e-05,2e-05,2e-05,2e-05,2e-05,2e-05,2e-05,2e-05
2e-05,2e-05,2e-05,2e-05,2e-05,2e-05,2e-05,2e-05,2e-05,2e-05,2e-05,2e-05,2e-05,2e-05,2e-05,0.040019599999999995,1.9600004,1.9800002,1.9800002,2.0,1.9800002,1.9800002,1.9600004,0.040019599999999995,2e-05,2e-05,2e-05,2e-05,2e-05,2e-05,2e-05,2e-05,2e-05,2e-05,2e-05,2e-05,2e-05,2e-05,2e-05,2e-05,2e-05,2e-05,2e-05,2e-05,2e-05,2e-05,2e-05,2e-05,2e-05,2e-05,2e-05,2e-05,2e-05,2e-05,2e-05,2e-05,2e-05,2e-05,2e-05,2e-05,2e-05,2e-05,2e-05,2e-05,2e-05,2e-05,2e-05,2e-05,2e-05,2e-05,2e-05,2e-05,2e-05,2e-05,2e-05,2e-05,2e-05,2e-05,2e-05,2e-05,2e-05,2e-05,2e-05,2e-05,2e-05,2e-05,2e-05,2e-05,2e-05,2e-05,2e-05,2e-05,2e-05,2e-05,2e-05,2e-05,2e-05,2e-05,2e-05,2e-05
2e-05,2e-05,2e-05,2e-05,2e-05,2e-05,2e-05,2e-05,2e-05,2e-05,2e-05,2e-05,2e-05,2e-05,0.020019799999999997,1.9600004,2.0,2.0,2.0,2.0,2.0,2.0,2.0,1.9600004,0.020019799999999997,2e-05,2e-05,2e-05,2e-05,2e-05,2e-05,2e-05,2e-05,2e-05,2e-05,2e-05,2e-05,2e-05,2e-05,2e-05,2e-05,2e-05,2e-05,2e-05,2e-05,2e-05,2e-05,2e-05,2e-05,2e-05,2e-05,2e-05,2e-05,2e-05,2e-05,2e-05,2e-05,2e-05,2e-05,2e-05,2e-05,2e-05,2e-05,2e-05,2e-05,2e-05,2e-05,2e-05,2e-05,2e-05,2e-05,2e-05,2e-05,2e-05,2e-05,2e-05,2e-05,2e-05,2e-05,2e-05,2e-05,2e-05,2e-05,2e-05,2e-05,2e-05,2e-05,2e-05,2e-05,2e-05,2e-05,2e-05,2e-05,2e-05,2e-05,2e-05,2e-05,2e-05,2e-05,2e-05
2e-05,2e-05,2e-05,2e-05,2e-05,2e-05,2e-05,2e-05,2e-05,2e-05,2e-05,2e-05,2e-05,2e-05,0.020019799999999997,1.9800002,2.0,2.0,2.0,2.0,2.0,2.0,2.0,1.9800002,0.020019799999999997,2e-05,2e-05,2e-05,2e-05,2e-05,2e-05,2e-05,2e-05,2e-05,2e-05,2e-05,2e-05,2e-05,2e-05,2e-05,2e-05,2e-05,2e-05,2e-05,2e-05,2e-05,2e-05,2e-05,2e-05,2e-05,2e-05,2e-05,2e-05,2e-05,2e-05,2e-05,2e-05,2e-05,2e-05,2e-05,2e-05,2e-05,2e-05,2e-05,2e-05,2e-05,2e-05,2e-05,2e-05,2e-05,2e-05,2e-05,2e-05,2e-05,2e-05,2e-05,2e-05,2e-05,2e-05,2e-05,2e-05,2e-05,2e-05,2e-05,2e-05,2e-05,2e-05,2e-05,2e-05,2e-05,2e-05,2e-05,2e-05,2e-05,2e-05,2e-05,2e-05,2e-05,2e-05,2e-05
2e-05,2e-05,2e-05,2e-05,2e-05,2e-05,2e-05,2e-05,2e-05,2e-05,2e-05,2e-05,2e-05,2e-05,0.040019599999999995,1.9800002,2.0,2.0,2.0,2.0,2.0,2.0,2.0,1.9800002,0.040019599999999995,2e-05,2e-05,2e-05,2e-05,2e-05,2e-05,2e-05,2e-05,2e-05,2e-05,2e-05,2e-05,2e-05,2e-05,2e-05,2e-05,2e-05,2e-05,2e-05,2e-05,2e-05,2e-05,2e-05,2e-05,2e-05,2e-05,2e-05,2e-05,2e-05,2e-05,2e-05,2e-05,2e-05,2e-05,2e-05,2e-05,2e-05,2e-05,2e-05,2e-05,2e-05,2e-05,2e-05,2e-05,2e-05,2e-05,2e-05,2e-05,2e-05,2e-05,2e-05,2e-05,2e-05,2e-05,2e-05,2e-05,2e-05,2e-05,2e-05,2e-05,2e-05,2e-05,2e-05,2e-05,2e-05,2e-05,2e-05,2e-05,2e-05,2e-05,2e-05,2e-05,2e-05,2e-05,2e-05
2e-05,2e-05,2e-05,2e-05,2e-05,2e-05,2e-05,2e-05,2e-05,2e-05,2e-05,2e-05,2e-05,0.020019799999999997,1.9400006,2.0,2.0,2.0,2.0,2.0,2.0,2.0,2.0,2.0,1.9400006,0.020019799999999997,2e-05,2e-05,2e-05,2e-05,2e-05,2e-05,2e-05,2e-05,2e-05,2e-05,2e-05,2e-05,2e-05,2e-05,2e-05,2e-05,2e-05,2e-05,2e-05,2e-05,2e-05,2e-05,2e-05,2e-05,2e-05,2e-05,2e-05,2e-05,2e-05,2e-05,2e-05,2e-05,2e-05,2e-05,2e-05,2e-05,2e-05,2e-05,2e-05,2e-05,2e-05,2e-05,2e-05,2e-05,2e-05,2e-05,2e-05,2e-05,2e-05,2e-05,2e-05,2e-05,2e-05,2e-05,2e-05,2e-05,2e-05,2e-05,2e-05,2e-05,2e-05,2e-05,2e-05,2e-05,2e-05,2e-05,2e-05,2e-05,2e-05,2e-05,2e-05,2e-05,2e-05,2e-05
2e-05,2e-05,2e-05,2e-05,2e-05,2e-05,2e-05,2e-05,2e-05,2e-05,2e-05,2e-05,2e-05,2e-05,0.040019599999999995,1.9800002,2.0,2.0,2.0,2.0,2.0,2.0,2.0,1.9800002,0.040019599999999995,2e-05,2e-05,2e-05,2e-05,2e-05,2e-05,2e-05,2e-05,2e-05,2e-05,2e-05,2e-05,2e-05,2e-05,2e-05,2e-05,2e-05,2e-05,2e-05,2e-05,2e-05,2e-05,2e-05,2e-05,2e-05,2e-05,2e-05,2e-05,2e-05,2e-05,2e-05,2e-05,2e-05,2e-05,2e-05,2e-05,2e-05,2e-05,2e-05,2e-05,2e-05,2e-05,2e-05,2e-05,2e-05,2e-05,2e-05,2e-05,2e-05,2e-05,2e-05,2e-05,2e-05,2e-05,2e-05,2e-05,2e-05,2e-05,2e-05,2e-05,2e-05,2e-05,2e-05,2e-05,2e-05,2e-05,2e-05,2e-05,2e-05,2e-05,2e-05,2e-05,2e-05,2e-05,2e-05
2e-05,2e-05,2e-05,2e-05,2e-05,2e-05,2e-05,2e-05,2e-05,2e-05,2e-05,2e-05,2e-05,2e-05,0.020019799999999997,1.9800002,2.0,2.0,2.0,2.0,2.0,2.0,2.0,1.9800002,0.020019799999999997,2e-05,2e-05,2e-05,2e-05,2e-05,2e-05,2e-05,2e-05,2e-05,2e-05,2e-05,2e-05,2e-05,2e-05,2e-05,2e-05,2e-05,2e-05,2e-05,2e-05,2e-05,2e-05,2e-05,2e-05,2e-05,2e-05,2e-05,2e-05,2e-05,2e-05,2e-05,2e-05,2e-05,2e-05,2e-05,2e-05,2e-05,2e-05,2e-05,2e-05,2e-05,2e-05,2e-05,2e-05,2e-05,2e-05,2e-05,2e-05,2e-05,2e-05,2e-05,2e-05,2e-05,2e-05,2e-05,2e-05,2e-05,2e-05,2e-05,2e-05,2e-05,2e-05,2e-05,2e-05,2e-05,2e-05,2e-05,2e-05,2e-05,2e-05,2e-05,2e-05,2e-05,2e-05,2e-05
2e-05,2e-05,2e-05,2e-05,2e-05,2e-05,2e-05,2e-05,2e-05,2e-05,2e-05,2e-05,2e-05,2e-05,0.020019799999999997,1.9600004,2.0,2.0,2.0,2.0,2.0,2.0,2.0,1.9600004,0.020019799999999997,2e-05,2e-05,2e-05,2e-05,2e-05,2e-05,2e-05,2e-05,2e-05,2e-05,2e-05,2e-05,2e-05,2e-05,2e-05,2e-05,2e-05,2e-05,2e-05,2e-05,2e-05,2e-05,2e-05,2e-05,2e-05,2e-05,2e-05,2e-05,2e-05,2e-05,2e-05,2e-05,0.020019799999999997,2e-05,2e-05,2e-05,2e-05,2e-05,2e-05,2e-05,2e-05,2e-05,2e-05,2e-05,2e-05,2e-05,2e-05,2e-05,2e-05,2e-05,2e-05,2e-05,2e-05,2e-05,2e-05,2e-05,2e-05,2e-05,2e-05,2e-05,2e-05,2e-05,2e-05,2e-05,2e-05,2e-05,2e-05,2e-05,2e-05,2e-05,2e-05,2e-05,2e-05,2e-05,2e-05
2e-05,2e-05,2e-05,2e-05,2e-05,2e-05,2e-05,2e-05,2e-05,2e-05,2e-05,2e-05,2e-05,2e-05,2e-05,0.040019599999999995,1.9600004,1.9800002,1.9800002,2.0,1.9800002,1.9800002,1.9600004,0.040019599999999995,2e-05,2e-05,2e-05,2e-05,2e-05,2e-05,2e-05,2e-05,2e-05,2e-05,2e-05,2e-05,2e-05,2e-05,2e-05,2e-05,2e-05,2e-05,2e-05,2e-05,2e-05,2e-05,2e-05,2e-05,2e-05,2e-05,2e-05,2e-05,2e-05,2e-05,0.020019799999999997,0.020019799999999997,0.040019599999999995,1.9400006,0.040019599999999995,0.020019799999999997,0.020019799999999997,2e-05,2e-05,2e-05,2e-05,2e-05,2e-05,2e-05,2e-05,2e-05,2e-05,2e-05,2e-05,2e-05,2e-05,2e-05,2e-05,2e-05,2e-05,2e-05,2e-05,2e-05,2e-05,2e-05,2e-05,2e-05,2e-05,2e-05,2e-05,2e-05,2e-05,2e-05,2e-05,2e-05,2e-05,2e-05,2e-05,2e-05,2e-05,2e-05
2e-05,2e-05,2e-05,2e-05,2e-05,2e-05,2e-05,2e-05,2e-05,2e-05,2e-05,2e-05,2e-05,2e-05,2e-05,2e-05,0.020019799999999997,0.020019799999999997,0.040019599999999995,1.9400006,0.040019599999999995,0.020019799999999997,0.020019799999999997,2e-05,2e-05,2e-05,2e-05,2e-05,2e-05,2e-05,2e-05,2e-05,2e-05,2e-05,2e-05,2e-05,2e-05,2e-05,2e-05,2e-05,2e-05,2e-05,2e-05,2e-05,2e-05,2e-05,2e-05,2e-05,2e-05,2e-05,2e-05,2e-05,2e-05,0.040019599999999995,1.9600004,1.9800002,1.9800002,2.0,1.9800002,1.9800002,1.9600004,0.040019599999999995,2e-05,2e-05,2e-05,2e-05,2e-05,2e-05,2e-05,2e-05,2e-05,2e-05,2e-05,2e-05,2e-05,2e-05,2e-05,2e-05,2e-05,2e-05,2e-05,2e-05,2e-05,2e-05,2e-05,2e-05,2e-05,2e-05,2e-05,2e-05,2e-05,2e-05,2e-05,2e-05,2e-05,2e-05,2e-05,2e-05,2e-05,2e-05
2e-05,2e-05,2e-05,2e-05,2e-05,2e-05,2e-05,2e-05,2e-05,2e-05,2e-05,2e-05,2e-05,2e-05,2e-05,2e-05,2e-05,2e-05,2e-05,0.020019799999999997,2e-05,2e-05,2e-05,2e-05,2e-05,2e-05,2e-05,2e-05,2e-05,2e-05,2e-05,2e-05,2e-05,2e-05,2e-05,2e-05,2e-05,2e-05,2e-05,2e-05,2e-05,2e-05,2e-05,2e-05,2e-05,2e-05,2e-05,2e-05,2e-05,2e-05,2e-05,2e-05,0.020019799999999997,1.9600004,2.0,2.0,2.0,2.0,2.0,2.0,2.0,1.9600004,0.020019799999999997,2e-05,2e-05,2e-05,2e-05,2e-05,2e-05,2e-05,2e-05,2e-05,2e-05,2e-05,2e-05,2e-05,2e-05,2e-05,2e-05,2e-05,2e-05,2e-05,2e-05,2e-05,2e-05,2e-05,2e-05,2e-05,2e-05,2e-05,2e-05,2e-05,2e-05,2e-05,2e-05,2e-05,2e-05,2e-05,2e-05,2e-05
2e-05,2e-05,2e-05,2e-05,2e-05,2e-05,2e-05,2e-05,2e-05,2e-05,2e-05,2e-05,2e-05,2e-05,2e-05,2e-05,2e-05,2e-05,2e-05,2e-05,2e-05,2e-05,2e-05,2e-05,2e-05,2e-05,2e-05,2e-05,2e-05,2e-05,2e-05,2e-05,2e-05,2e-05,2e-05,2e-05,2e-05,2e-05,2e-05,2e-05,2e-05,2e-05,2e-05,2e-05,2e-05,2e-05,2e-05,2e-05,2e-05,2e-05,2e-05,2e-05,0.020019799999999997,1.9800002,2.0,2.0,2.0,2.0,2.0,2.0,2.0,1.9800002,0.020019799999999997,2e-05,2e-05,2e-05,2e-05,2e-05,2e-05,2e-05,2e-05,2e-05,2e-05,2e-05,2e-05,2e-05,2e-05,2e-05,2e-05,2e-05,2e-05,2e-05,2e-05,2e-05,2e-05,2e-05,2e-05,2e-05,2e-05,2e-05,2e-05,2e-05,2e-05,2e-05,2e-05,2e-05,2e-05,2e-05,2e-05,2e-05
2e-05,2e-05,2e-05,2e-05,2e-05,2e-05,2e-05,2e-05,2e-05,2e-05,2e-05,2e-05,2e-05,2e-05,2e-05,2e-05,2e-05,2e-05,2e-05,2e-05,2e-05,2e-05,2e-05,2e-05,2e-05,2e-05,2e-05,2e-05,2e-05,2e-05,2e-05,2e-05,2e-05,2e-05,2e-05,2e-05,2e-05,2e-05,2e-05,2e-05,2e-05,2e-05,2e-05,2e-05,2e-05,2e-05,2e-05,2e-05,2e-05,2e-05,2e-05,2e-05,0.040019599999999995,1.9800002,2.0,2.0,2.0,2.0,2.0,2.0,2.0,1.9800002,0.040019599999999995,2e-05,2e-05,2e-05,2e-05,2e-05,2e-05,2e-05,2e-05,2e-05,2e-05,2e-05,2e-05,2e-05,2e-05,2e-05,2e-05,2e-05,2e-05,2e-05,2e-05,2e-05,2e-05,2e-05,2e-05,2e-05,2e-05,2e-05,2e-05,2e-05,2e-05,2e-05,2e-05,2e-05,2e-05,2e-05,2e-05,2e-05
2e-05,2e-05,2e-05,2e-05,2e-05,2e-05,2e-05,2e-05,2e-05,2e-05,2e-05,2e-05,2e-05,2e-05,2e-05,2e-05,2e-05,2e-05,2e-05,2e-05,2e-05,2e-05,2e-05,2e-05,2e-05,2e-05,2e-05,2e-05,2e-05,2e-05,2e-05,2e-05,2e-05,2e-05,2e-05,2e-05,2e-05,2e-05,2e-05,2e-05,2e-05,2e-05,2e-05,2e-05,2e-05,2e-05,2e-05,2e-05,2e-05,2e-05,2e-05,0.020019799999999997,1.9400006,2.0,2.0,2.0,2.0,2.0,2.0,2.0,2.0,2.0,1.9400006,0.020019799999999997,2e-05,2e-05,2e-05,2e-05,2e-05,2e-05,2e-05,2e-05,2e-05,2e-05,2e-05,2e-05,2e-05,2e-05,2e-05,2e-05,2e-05,2e-05,2e-05,2e-05,2e-05,2e-05,2e-05,2e-05,2e-05,2e-05,2e-05,2e-05,2e-05,2e-05,2e-05,2e-05,2e-05,2e-05,2e-05,2e-05
2e-05,2e-05,2e-05,2e-05,2e-05,2e-05,2e-05,2e-05,2e-05,2e-05,2e-05,2e-05,2e-05,2e-05,2e-05,2e-05,2e-05,2e-05,2e-05,2e-05,2e-05,2e-05,2e-05,2e-05,2e-05,2e-05,2e-05,2e-05,2e-05,2e-05,2e-05,2e-05,2e-05,2e-05,2e-05,2e-05,2e-05,2e-05,2e-05,2e-05,2e-05,2e-05,2e-05,2e-05,2e-05,2e-05,2e-05,2e-05,2e-05,2e-05,2e-05,2e-05,0.040019599999999995,1.9800002,2.0,2.0,2.0,2.0,2.0,2.0,2.0,1.9800002,0.040019599999999995,0.020019799999999997,2e-05,2e-05,2e-05,2e-05,2e-05,2e-05,2e-05,2e-05,2e-05,2e-05,2e-05,2e-05,2e-05,2e-05,2e-05,2e-05,2e-05,2e-05,2e-05,2e-05,2e-05,2e-05,2e-05,2e-05,2e-05,2e-05,2e-05,2e-05,2e-05,2e-05,2e-05,2e-05,2e-05,2e-05,2e-05,2e-05
2e-05,2e-05,2e-05,2e-05,2e-05,2e-05,2e-05,2e-05,2e-05,2e-05,2e-05,2e-05,2e-05,2e-05,2e-05,2e-05,2e-05,2e-05,2e-05,2e-05,2e-05,2e-05,2e-05,2e-05,2e-05,2e-05,2e-05,2e-05,2e-05,2e-05,2e-05,2e-05,2e-05,2e-05,2e-05,2e-05,2e-05,2e-05,2e-05,2e-05,2e-05,2e-05,2e-05,2e-05,2e-05,2e-05,2e-05,2e-05,2e-05,2e-05,2e-05,2e-05,0.020019799999999997,1.9800002,2.0,2.0,2.0,2.0,2.0,2.0,2.0,1.9800002,0.060019399999999994,1.9400006,0.040019599999999995,0.020019799999999997,0.020019799999999997,2e-05,2e-05,2e-05,2e-05,2e-05,2e-05,2e-05,2e-05,2e-05,2e-05,2e-05,2e-05,2e-05,2e-05,2e-05,2e-05,2e-05,2e-05,2e-05,2e-05,2e-05,2e-05,2e-05,2e-05,2e-05,2e-05,2e-05,2e-05,2e-05,2e-05,2e-05,2e-05,2e-05
2e-05,2e-05,2e-05,2e-05,2e-05,2e-05,2e-05,2e-05,2e-05,2e-05,2e-05,2e-05,2e-05,2e-05,2e-05,2e-05,2e-05,2e-05,2e-05,2e-05,2e-05,2e-05,2e-05,2e-05,2e-05,2e-05,2e-05,2e-05,2e-05,2e-05,2e-05,2e-05,2e-05,2e-05,2e-05,2e-05,2e-05,2e-05,2e-05,2e-05,2e-05,2e-05,2e-05,2e-05,2e-05,2e-05,2e-05,2e-05,2e-05,2e-05,2e-05,2e-05,0.020019799999999997,1.9600004,2.0,2.0,2.0,2.0,2.0,2.0,2.0,2.0,1.9800002,2.0,1.9800002,1.9800002,1.9600004,0.040019599999999995,2e-05,2e-05,2e-05,2e-05,2e-05,2e-05,2e-05,2e-05,2e-05,2e-05,2e-05,2e-05,2e-05,2e-05,2e-05,2e-05,2e-05,2e-05,2e-05,2e-05,2e-05,2e-05,2e-05,2e-05,2e-05,2e-05,2e-05,2e-05,2e-05,2e-05,2e-05,2e-05
2e-05,2e-05,2e-05,2e-05,2e-05,2e-05,2e-05,2e-05,2e-05,2e-05,2e-05,2e-05,2e-05,2e-05,2e-05,2e-05,2e-05,2e-05,2e-05,2e-05,2e-05,2e-05,2e-05,2e-05,2e-05,2e-05,2e-05,2e-05,2e-05,2e-05,2e-05,2e-05,2e-05,2e-05,2e-05,2e-05,2e-05,2e-05,2e-05,2e-05,2e-05,2e-05,2e-05,2e-05,2e-05,2e-05,2e-05,2e-05,2e-05,2e-05,2e-05,2e-05,2e-05,0.040019599999999995,1.9600004,1.9800002,1.9800002,2.0,1.9800002,2.0,2.0,2.0,2.0,2.0,2.0,2.0,2.0,1.9600004,0.020019799999999997,2e-05,2e-05,2e-05,2e-05,2e-05,2e-05,2e-05,2e-05,2e-05,2e-05,2e-05,2e-05,2e-05,2e-05,2e-05,2e-05,2e-05,2e-05,2e-05,2e-05,2e-05,2e-05,2e-05,2e-05,2e-05,2e-05,2e-05,2e-05,2e-05,2e-05,2e-05
2e-05,2e-05,2e-05,2e-05,2e-05,2e-05,2e-05,2e-05,2e-05,2e-05,2e-05,2e-05,2e-05,2e-05,2e-05,2e-05,2e-05,2e-05,2e-05,2e-05,2e-05,2e-05,2e-05,2e-05,2e-05,2e-05,2e-05,2e-05,2e-05,2e-05,2e-05,2e-05,2e-05,2e-05,2e-05,2e-05,2e-05,2e-05,2e-05,2e-05,2e-05,2e-05,2e-05,2e-05,2e-05,2e-05,2e-05,2e-05,2e-05,2e-05,2e-05,2e-05,2e-05,2e-05,0.020019799999999997,0.040019599999999995,0.040019599999999995,1.9400006,0.060019399999999994,1.9800002,2.0,2.0,2.0,2.0,2.0,2.0,2.0,1.9800002,0.020019799999999997,2e-05,2e-05,2e-05,2e-05,2e-05,2e-05,2e-05,2e-05,2e-05,2e-05,2e-05,2e-05,2e-05,2e-05,2e-05,2e-05,2e-05,2e-05,2e-05,2e-05,2e-05,2e-05,2e-05,2e-05,2e-05,2e-05,2e-05,2e-05,2e-05,2e-05,2e-05
2e-05,2e-05,2e-05,2e-05,2e-05,2e-05,2e-05,2e-05,2e-05,2e-05,2e-05,2e-05,2e-05,2e-05,2e-05,2e-05,2e-05,2e-05,2e-05,2e-05,2e-05,2e-05,2e-05,2e-05,2e-05,2e-05,2e-05,2e-05,2e-05,2e-05,2e-05,2e-05,2e-05,2e-05,2e-05,2e-05,2e-05,2e-05,2e-05,2e-05,2e-05,2e-05,2e-05,2e-05,2e-05,2e-05,2e-05,2e-05,2e-05,2e-05,2e-05,2e-05,0.020019799999999997,0.020019799999999997,0.040019599999999995,1.9400006,0.040019599999999995,0.040019599999999995,0.040019599999999995,1.9800002,2.0,2.0,2.0,2.0,2.0,2.0,2.0,1.9800002,0.040019599999999995,2e-05,2e-05,2e-05,2e-05,2e-05,2e-05,2e-05,2e-05,2e-05,2e-05,2e-05,2e-05,2e-05,2e-05,2e-05,2e-05,2e-05,2e-05,2e-05,2e-05,2e-05,2e-05,2e-05,2e-05,2e-05,2e-05,2e-05,2e-05,2e-05,2e-05,2e-05
2e-05,2e-05,2e-05,2e-05,2e-05,2e-05,2e-05,2e-05,2e-05,2e-05,2e-05,2e-05,2e-05,2e-05,2e-05,2e-05,2e-05,2e-05,2e-05,2e-05,2e-05,2e-05,2e-05,2e-05,2e-05,2e-05,2e-05,2e-05,2e-05,2e-05,2e-05,2e-05,2e-05,2e-05,2e-05,2e-05,2e-05,2e-05,2e-05,2e-05,2e-05,2e-05,2e-05,2e-05,2e-05,2e-05,2e-05,2e-05,2e-05,2e-05,2e-05,0.040019599999999995,1.9600004,1.9800002,1.9800002,2.0,1.9800002,1.9800002,1.9800002,2.0,2.0,2.0,2.0,2.0,2.0,2.0,2.0,2.0,1.9400006,0.020019799999999997,2e-05,2e-05,2e-05,2e-05,2e-05,2e-05,2e-05,2e-05,2e-05,2e-05,2e-05,2e-05,2e-05,2e-05,2e-05,2e-05,2e-05,2e-05,2e-05,2e-05,2e-05,2e-05,2e-05,2e-05,2e-05,2e-05,2e-05,2e-05,2e-05,2e-05
2e-05,2e-05,2e-05,2e-05,2e-05,2e-05,2e-05,2e-05,2e-05,2e-05,2e-05,2e-05,2e-05,2e-05,2e-05,2e-05,2e-05,2e-05,2e-05,2e-05,2e-05,2e-05,2e-05,2e-05,2e-05,2e-05,2e-05,2e-05,2e-05,2e-05,2e-05,2e-05,2e-05,2e-05,2e-05,2e-05,2e-05,2e-05,2e-05,2e-05,2e-05,2e-05,2e-05,2e-05,2e-05,2e-05,2e-05,2e-05,2e-05,2e-05,0.020019799999999997,1.9600004,2.0,2.0,2.0,2.0,2.0,2.0,2.0,2.0,2.0,2.0,2.0,2.0,2.0,2.0,2.0,1.9800002,0.040019599999999995,2e-05,2e-05,2e-05,2e-05,2e-05,2e-05,2e-05,2e-05,2e-05,2e-05,2e-05,2e-05,2e-05,2e-05,2e-05,2e-05,2e-05,2e-05,2e-05,2e-05,2e-05,2e-05,2e-05,2e-05,2e-05,2e-05,2e-05,2e-05,2e-05,2e-05,2e-05
2e-05,2e-05,2e-05,2e-05,2e-05,2e-05,2e-05,2e-05,2e-05,2e-05,2e-05,2e-05,2e-05,2e-05,2e-05,2e-05,2e-05,2e-05,2e-05,2e-05,2e-05,2e-05,2e-05,2e-05,2e-05,2e-05,2e-05,2e-05,2e-05,2e-05,2e-05,2e-05,2e-05,2e-05,2e-05,2e-05,2e-05,2e-05,2e-05,2e-05,2e-05,2e-05,2e-05,2e-05,2e-05,2e-05,2e-05,2e-05,2e-05,2e-05,0.020019799999999997,1.9800002,2.0,2.0,2.0,2.0,2.0,2.0,2.0,2.0,2.0,2.0,2.0,2.0,2.0,2.0,2.0,1.9800002,0.020019799999999997,2e-05,2e-05,2e-05,2e-05,2e-05,2e-05,2e-05,2e-05,2e-05,2e-05,2e-05,2e-05,2e-05,2e-05,2e-05,2e-05,2e-05,2e-05,2e-05,2e-05,2e-05,2e-05,2e-05,2e-05,2e-05,2e-05,2e-05,2e-05,2e-05,2e-05,2e-05
2e-05,2e-05,2e-05,2e-05,2e-05,2e-05,2e-05,2e-05,2e-05,2e-05,2e-05,2e-05,2e-05,2e-05,2e-05,2e-05,2e-05,2e-05,2e-05,2e-05,2e-05,2e-05,2e-05,2e-05,2e-05,2e-05,2e-05,2e-05,2e-05,2e-05,2e-05,2e-05,2e-05,2e-05,2e-05,2e-05,2e-05,2e-05,2e-05,2e-05,2e-05,2e-05,2e-05,2e-05,2e-05,2e-05,2e-05,2e-05,2e-05,2e-05,0.040019599999999995,1.9800002,2.0,2.0,2.0,2.0,2.0,2.0,2.0,2.0,2.0,2.0,2.0,2.0,2.0,2.0,2.0,1.9600004,0.020019799999999997,2e-05,2e-05,2e-05,2e-05,2e-05,2e-05,2e-05,2e-05,2e-05,2e-05,2e-05,2e-05,2e-05,2e-05,2e-05,2e-05,2e-05,2e-05,2e-05,2e-05,2e-05,2e-05,2e-05,2e-05,2e-05,2e-05,2e-05,2e-05,2e-05,2e-05,2e-05
2e-05,2e-05,2e-05,2e-05,2e-05,2e-05,2e-05,2e-05,2e-05,2e-05,2e-05,2e-05,2e-05,2e-05,2e-05,2e-05,2e-05,2e-05,2e-05,2e-05,2e-05,2e-05,2e-05,2e-05,2e-05,2e-05,2e-05,2e-05,2e-05,2e-05,2e-05,2e-05,2e-05,2e-05,2e-05,2e-05,2e-05,2e-05,2e-05,2e-05,2e-05,2e-05,2e-05,2e-05,2e-05,2e-05,2e-05,2e-05,2e-05,0.020019799999999997,1.9400006,2.0,2.0,2.0,2.0,2.0,2.0,2.0,2.0,2.0,1.9800002,1.9800002,1.9800002,2.0,1.9800002,1.9800002,1.9600004,0.040019599999999995,2e-05,2e-05,2e-05,2e-05,2e-05,2e-05,2e-05,2e-05,2e-05,2e-05,2e-05,2e-05,2e-05,2e-05,2e-05,2e-05,2e-05,2e-05,2e-05,2e-05,2e-05,2e-05,2e-05,2e-05,2e-05,2e-05,2e-05,2e-05,2e-05,2e-05,2e-05,2e-05
2e-05,2e-05,2e-05,2e-05,2e-05,2e-05,2e-05,2e-05,2e-05,2e-05,2e-05,2e-05,2e-05,2e-05,2e-05,2e-05,2e-05,2e-05,2e-05,2e-05,2e-05,2e-05,2e-05,2e-05,2e-05,2e-05,2e-05,2e-05,2e-05,2e-05,2e-05,2e-05,2e-05,2e-05,2e-05,2e-05,2e-05,2e-05,2e-05,2e-05,2e-05,2e-05,2e-05,2e-05,2e-05,2e-05,2e-05,2e-05,2e-05,2e-05,0.040019599999999995,1.9800002,2.0,2.0,2.0,2.0,2.0,2.0,2.0,1.9800002,0.040019599999999995,0.020019799999999997,0.040019599999999995,1.9400006,0.060019399999999994,0.020019799999999997,0.020019799999999997,2e-05,2e-05,2e-05,2e-05,2e-05,2e-05,2e-05,2e-05,2e-05,2e-05,2e-05,2e-05,2e-05,2e-05,2e-05,2e-05,2e-05,2e-05,2e-05,2e-05,2e-05,2e-05,2e-05,2e-05,2e-05,2e-05,2e-05,2e-05,2e-05,2e-05,2e-05,2e-05,2e-05
2e-05,2e-05,2e-05,2e-05,2e-05,2e-05,2e-05,2e-05,2e-05,2e-05,2e-05,2e-05,2e-05,2e-05,2e-05,2e-05,2e-05,2e-05,2e-05,2e-05,2e-05,2e-05,2e-05,2e-05,2e-05,2e-05,2e-05,2e-05,2e-05,2e-05,2e-05,2e-05,2e-05,2e-05,2e-05,2e-05,2e-05,2e-05,2e-05,2e-05,2e-05,2e-05,2e-05,2e-05,2e-05,2e-05,2e-05,2e-05,2e-05,2e-05,0.020019799999999997,1.9800002,2.0,2.0,2.0,2.0,2.0,2.0,2.0,1.9800002,0.020019799999999997,0.020019799999999997,0.020019799999999997,0.060019399999999994,1.9400006,0.040019599999999995,0.020019799999999997,0.020019799999999997,2e-05,2e-05,2e-05,2e-05,2e-05,2e-05,2e-05,2e-05,2e-05,2e-05,2e-05,2e-05,2e-05,2e-05,2e-05,2e-05,2e-05,2e-05,2e-05,2e-05,2e-05,2e-05,2e-05,2e-05,2e-05,2e-05,2e-05,2e-05,2e-05,2e-05,2e-05,2e-05
2e-05,2e-05,2e-05,2e-05,2e-05,2e-05,2e-05,2e-05,2e-05,2e-05,2e-05,2e-05,2e-05,2e-05,2e-05,2e-05,2e-05,2e-05,2e-05,2e-05,2e-05,2e-05,2e-05,2e-05,2e-05,2e-05,2e-05,2e-05,2e-05,2e-05,2e-05,2e-05,2e-05,2e-05,2e-05,2e-05,2e-05,2e-05,2e-05,2e-05,2e-05,2e-05,2e-05,2e-05,2e-05,2e-05,2e-05,2e-05,2e-05,2e-05,0.020019799999999997,1.9600004,2.0,2.0,2.0,2.0,2.0,2.0,2.0,1.9600004,0.060019399999999994,1.9600004,1.9800002,1.9800002,2.0,1.9800002,1.9800002,1.9600004,0.040019599999999995,2e-05,2e-05,2e-05,2e-05,2e-05,2e-05,2e-05,2e-05,2e-05,2e-05,2e-05,2e-05,2e-05,2e-05,2e-05,2e-05,2e-05,2e-05,2e-05,2e-05,2e-05,2e-05,2e-05,2e-05,2e-05,2e-05,2e-05,2e-05,2e-05,2e-05,2e-05
2e-05,2e-05,2e-05,2e-05,2e-05,2e-05,2e-05,2e-05,2e-05,2e-05,2e-05,2e-05,2e-05,2e-05,2e-05,2e-05,2e-05,2e-05,2e-05,2e-05,2e-05,2e-05,2e-05,2e-05,2e-05,2e-05,2e-05,2e-05,2e-05,2e-05,2e-05,2e-05,2e-05,2e-05,2e-05,2e-05,2e-05,2e-05,2e-05,2e-05,2e-05,2e-05,2e-05,2e-05,2e-05,2e-05,2e-05,2e-05,2e-05,2e-05,2e-05,0.040019599999999995,1.9600004,1.9800002,1.9800002,2.0,1.9800002,1.9800002,1.9600004,0.060019399999999994,1.9600004,2.0,2.0,2.0,2.0,2.0,2.0,2.0,1.9600004,0.020019799999999997,2e-05,2e-05,2e-05,2e-05,2e-05,2e-05,2e-05,2e-05,2e-05,2e-05,2e-05,2e-05,2e-05,2e-05,2e-05,2e-05,2e-05,2e-05,2e-05,2e-05,2e-05,2e-05,2e-05,2e-05,2e-05,2e-05,2e-05,2e-05,2e-05,2e-05
2e-05,2e-05,2e-05,2e-05,2e-05,2e-05,2e-05,2e-05,2e-05,2e-05,2e-05,2e-05,2e-05,2e-05,2e-05,2e-05,2e-05,2e-05,2e-05,2e-05,2e-05,2e-05,2e-05,2e-05,2e-05,2e-05,2e-05,2e-05,2e-05,2e-05,2e-05,2e-05,2e-05,2e-05,2e-05,2e-05,2e-05,2e-05,2e-05,2e-05,2e-05,2e-05,2e-05,2e-05,2e-05,2e-05,2e-05,2e-05,2e-05,2e-05,2e-05,2e-05,0.020019799999999997,0.020019799999999997,0.060019399999999994,1.9400006,0.040019599999999995,0.020019799999999997,0.020019799999999997,0.020019799999999997,1.9800002,2.0,2.0,2.0,2.0,2.0,2.0,2.0,1.9800002,0.020019799999999997,2e-05,2e-05,2e-05,2e-05,2e-05,2e-05,2e-05,2e-05,2e-05,2e-05,2e-05,2e-05,2e-05,2e-05,2e-05,2e-05,2e-05,2e-05,2e-05,2e-05,2e-05,2e-05,2e-05,2e-05,2e-05,2e-05,2e-05,2e-05,2e-05,2e-05
2e-05,2e-05,2e-05,2e-05,2e-05,2e-05,2e-05,2e-05,2e-05,2e-05,2e-05,2e-05,2e-05,2e-05,2e-05,2e-05,2e-05,2e-05,2e-05,2e-05,2e-05,2e-05,2e-05,2e-05,2e-05,2e-05,2e-05,2e-05,2e-05,2e-05,2e-05,2e-05,2e-05,2e-05,2e-05,2e-05,2e-05,2e-05,2e-05,2e-05,2e-05,2e-05,2e-05,2e-05,2e-05,2e-05,2e-05,2e-05,2e-05,2e-05,2e-05,0.020019799999999997,0.020019799999999997,0.040019599999999995,1.9400006,0.060019399999999994,0.020019799999999997,0.020019799999999997,2e-05,0.040019599999999995,1.9800002,2.0,2.0,2.0,2.0,2.0,2.0,2.0,1.9800002,0.040019599999999995,2e-05,2e-05,2e-05,2e-05,2e-05,2e-05,2e-05,2e-05,2e-05,2e-05,2e-05,2e-05,2e-05,2e-05,2e-05,2e-05,2e-05,2e-05,2e-05,2e-05,2e-05,2e-05,2e-05,2e-05,2e-05,2e-05,2e-05,2e-05,2e-05,2e-05
2e-05,2e-05,2e-05,2e-05,2e-05,2e-05,2e-05,2e-05,2e-05,2e-05,2e-05,2e-05,2e-05,2e-05,2e-05,2e-05,2e-05,2e-05,2e-05,2e-05,2e-05,2e-05,2e-05,2e-05,2e-05,2e-05,2e-05,2e-05,2e-05,2e-05,2e-05,2e-05,2e-05,2e-05,2e-05,2e-05,2e-05,2e-05,2e-05,2e-05,2e-05,2e-05,2e-05,2e-05,2e-05,2e-05,2e-05,2e-05,2e-05,2e-05,0.040019599999999995,1.9600004,1.9800002,1.9800002,2.0,1.9800002,1.9800002,1.9600004,0.060019399999999994,1.9400006,2.0,2.0,2.0,2.0,2.0,2.0,2.0,2.0,2.0,1.9400006,0.020019799999999997,2e-05,2e-05,2e-05,2e-05,2e-05,2e-05,2e-05,2e-05,2e-05,2e-05,2e-05,2e-05,2e-05,2e-05,2e-05,2e-05,2e-05,2e-05,2e-05,2e-05,2e-05,2e-05,2e-05,2e-05,2e-05,2e-05,2e-05,2e-05,2e-05
2e-05,2e-05,2e-05,2e-05,2e-05,2e-05,2e-05,2e-05,2e-05,2e-05,2e-05,2e-05,2e-05,2e-05,2e-05,2e-05,2e-05,2e-05,2e-05,2e-05,2e-05,2e-05,2e-05,2e-05,2e-05,2e-05,2e-05,2e-05,2e-05,2e-05,2e-05,2e-05,2e-05,2e-05,2e-05,2e-05,2e-05,2e-05,2e-05,2e-05,2e-05,2e-05,2e-05,2e-05,2e-05,2e-05,2e-05,2e-05,2e-05,0.020019799999999997,1.9600004,2.0,2.0,2.0,2.0,2.0,2.0,2.0,1.9600004,0.060019399999999994,1.9800002,2.0,2.0,2.0,2.0,2.0,2.0,2.0,1.9800002,0.040019599999999995,2e-05,2e-05,2e-05,2e-05,2e-05,2e-05,2e-05,2e-05,2e-05,2e-05,2e-05,2e-05,2e-05,2e-05,2e-05,2e-05,2e-05,2e-05,2e-05,2e-05,2e-05,2e-05,2e-05,2e-05,2e-05,2e-05,2e-05,2e-05,2e-05,2e-05
2e-05,2e-05,2e-05,2e-05,2e-05,2e-05,2e-05,2e-05,2e-05,2e-05,2e-05,2e-05,2e-05,2e-05,2e-05,2e-05,0.020019799999999997,2e-05,2e-05,2e-05,2e-05,2e-05,2e-05,2e-05,2e-05,2e-05,2e-05,2e-05,2e-05,2e-05,2e-05,2e-05,2e-05,2e-05,2e-05,2e-05,2e-05,2e-05,2e-05,2e-05,2e-05,2e-05,2e-05,2e-05,2e-05,2e-05,2e-05,2e-05,2e-05,0.020019799999999997,1.9800002,2.0,2.0,2.0,2.0,2.0,2.0,2.0,1.9800002,0.040019599999999995,1.9800002,2.0,2.0,2.0,2.0,2.0,2.0,2.0,1.9800002,0.020019799999999997,2e-05,2e-05,2e-05,2e-05,2e-05,2e-05,2e-05,2e-05,2e-05,2e-05,2e-05,2e-05,2e-05,2e-05,2e-05,2e-05,2e-05,2e-05,2e-05,2e-05,2e-05,2e-05,2e-05,2e-05,2e-05,2e-05,2e-05,2e-05,2e-05,2e-05
2e-05,2e-05,2e-05,2e-05,2e-05,2e-05,2e-05,2e-05,2e-05,2e-05,2e-05,2e-05,2e-05,0.020019799999999997,0.020019799999999997,0.040019599999999995,1.9400006,0.040019599999999995,0.020019799999999997,0.020019799999999997,2e-05,2e-05,2e-05,2e-05,2e-05,2e-05,2e-05,2e-05,2e-05,2e-05,2e-05,2e-05,2e-05,2e-05,2e-05,2e-05,2e-05,2e-05,2e-05,2e-05,2e-05,2e-05,2e-05,2e-05,2e-05,2e-05,2e-05,2e-05,2e-05,0.040019599999999995,1.9800002,2.0,2.0,2.0,2.0,2.0,2.0,2.0,1.9800002,0.060019399999999994,1.9600004,2.0,2.0,2.0,2.0,2.0,2.0,2.0,1.9600004,0.020019799999999997,2e-05,2e-05,2e-05,2e-05,2e-05,2e-05,2e-05,2e-05,2e-05,2e-05,2e-05,2e-05,2e-05,2e-05,2e-05,2e-05,2e-05,2e-05,2e-05,2e-05,2e-05,2e-05,2e-05,2e-05,2e-05,2e-05,2e-05,2e-05,2e-05,2e-05
2e-05,2e-05,2e-05,2e-05,2e-05,2e-05,2e-05,2e-05,2e-05,2e-05,2e-05,2e-05,0.040019599999999995,1.9600004,1.9800002,1.9800002,2.0,1.9800002,1.9800002,1.9600004,0.040019599999999995,2e-05,2e-05,2e-05,2e-05,2e-05,2e-05,2e-05,2e-05,2e-05,2e-05,2e-05,2e-05,2e-05,2e-05,2e-05,2e-05,2e-05,2e-05,2e-05,2e-05,2e-05,2e-05,2e-05,2e-05,2e-05,2e-05,2e-05,0.020019799999999997,1.9400006,2.0,2.0,2.0,2.0,2.0,2.0,2.0,2.0,2.0,1.9400006,0.060019399999999994,1.9600004,1.9800002,1.9800002,2.0,1.9800002,1.9800002,1.9600004,0.040019599999999995,2e-05,2e-05,2e-05,2e-05,2e-05,2e-05,2e-05,2e-05,2e-05,2e-05,2e-05,2e-05,2e-05,2e-05,2e-05,2e-05,2e-05,2e-05,2e-05,2e-05,2e-05,2e-05,2e-05,2e-05,2e-05,2e-05,2e-05,2e-05,2e-05,2e-05,2e-05
2e-05,2e-05,2e-05,2e-05,2e-05,2e-05,2e-05,2e-05,2e-05,2e-05,2e-05,0.020019799999999997,1.9600004,2.0,2.0,2.0,2.0,2.0,2.0,2.0,1.9600004,0.020019799999999997,2e-05,2e-05,2e-05,2e-05,2e-05,2e-05,2e-05,2e-05,2e-05,2e-05,2e-05,2e-05,2e-05,2e-05,2e-05,2e-05,2e-05,2e-05,2e-05,2e-05,2e-05,2e-05,2e-05,2e-05,2e-05,2e-05,2e-05,0.040019599999999995,1.9800002,2.0,2.0,2.0,2.0,2.0,2.0,2.0,1.9800002,0.040019599999999995,2e-05,0.020019799999999997,0.020019799999999997,0.040019599999999995,1.9400006,0.040019599999999995,0.020019799999999997,0.020019799999999997,2e-05,2e-05,2e-05,2e-05,2e-05,2e-05,2e-05,2e-05,2e-05,2e-05,2e-05,2e-05,2e-05,2e-05,2e-05,2e-05,2e-05,2e-05,2e-05,2e-05,2e-05,2e-05,2e-05,2e-05,2e-05,2e-05,2e-05,2e-05,2e-05,2e-05,2e-05,2e-05
2e-05,2e-05,2e-05,2e-05,2e-05,2e-05,2e-05,2e-05,2e-05,2e-05,2e-05,0.020019799999999997,1.9800002,2.0,2.0,2.0,2.0,2.0,2.0,2.0,1.9800002,0.020019799999999997,2e-05,2e-05,2e-05,2e-05,2e-05,2e-05,2e-05,2e-05,2e-05,2e-05,2e-05,2e-05,2e-05,2e-05,2e-05,2e-05,2e-05,2e-05,2e-05,2e-05,2e-05,2e-05,2e-05,2e-05,2e-05,2e-05,2e-05,0.020019799999999997,1.9800002,2.0,2.0,2.0,2.0,2.0,2.0,2.0,1.9800002,0.020019799999999997,2e-05,2e-05,2e-05,2e-05,0.020019799999999997,2e-05,2e-05,2e-05,2e-05,2e-05,2e-05,2e-05,2e-05,2e-05,2e-05,2e-05,2e-05,2e-05,2e-05,2e-05,2e-05,2e-05,2e-05,2e-05,2e-05,2e-05,2e-05,2e-05,2e-05,2e-05,2e-05,2e-05,2e-05,2e-05,2e-05,2e-05,2e-05,2e-05,2e-05,2e-05
2e-05,2e-05,2e-05,2e-05,2e-05,2e-05,2e-05,2e-05,2e-05,2e-05,2e-05,0.040019599999999995,1.9800002,2.0,2.0,2.0,2.0,2.0,2.0,2.0,1.9800002,0.040019599999999995,2e-05,2e-05,2e-05,2e-05,2e-05,2e-05,2e-05,2e-05,2e-05,2e-05,2e-05,2e-05,2e-05,2e-05,2e-05,2e-05,2e-05,2e-05,2e-05,2e-05,2e-05,2e-05,2e-05,2e-05,2e-05,2e-05,2e-05,0.020019799999999997,1.9600004,2.0,2.0,2.0,2.0,2.0,2.0,2.0,1.9800002,0.040019599999999995,2e-05,2e-05,2e-05,2e-05,2e-05,2e-05,2e-05,2e-05,2e-05,2e-05,2e-05,2e-05,2e-05,2e-05,2e-05,2e-05,2e-05,2e-05,2e-05,2e-05,2e-05,2e-05,2e-05,2e-05,2e-05,2e-05,2e-05,2e-05,2e-05,2e-05,2e-05,2e-05,2e-05,2e-05,2e-05,2e-05,2e-05,2e-05,2e-05,2e-05
2e-05,2e-05,2e-05,2e-05,2e-05,2e-05,2e-05,2e-05,2e-05,2e-05,0.020019799999999997,1.9400006,2.0,2.0,2.0,2.0,2.0,2.0,2.0,2.0,2.0,1.9400006,0.020019799999999997,2e-05,2e-05,2e-05,2e-05,2e-05,2e-05,2e-05,2e-05,2e-05,2e-05,2e-05,2e-05,2e-05,2e-05,2e-05,2e-05,2e-05,2e-05,2e-05,2e-05,2e-05,2e-05,2e-05,2e-05,2e-05,2e-05,2e-05,0.040019599999999995,1.9800002,2.0,2.0,2.0,2.0,2.0,2.0,2.0,1.9600004,0.020019799999999997,2e-05,2e-05,2e-05,2e-05,2e-05,2e-05,2e-05,2e-05,2e-05,2e-05,2e-05,2e-05,2e-05,2e-05,2e-05,2e-05,2e-05,2e-05,2e-05,2e-05,2e-05,2e-05,2e-05,2e-05,2e-05,2e-05,2e-05,2e-05,2e-05,2e-05,2e-05,2e-05,2e-05,2e-05,2e-05,2e-05,2e-05,2e-05,2e-05
2e-05,2e-05,2e-05,2e-05,2e-05,2e-05,2e-05,2e-05,2e-05,2e-05,2e-05,0.040019599999999995,1.9800002,2.0,2.0,2.0,2.0,2.0,2.0,2.0,1.9800002,0.040019599999999995,2e-05,2e-05,2e-05,2e-05,2e-05,2e-05,2e-05,2e-05,2e-05,2e-05,2e-05,2e-05,2e-05,2e-05,2e-05,2e-05,2e-05,2e-05,2e-05,2e-05,2e-05,2e-05,2e-05,2e-05,2e-05,2e-05,2e-05,2e-05,0.020019799999999997,1.9800002,2.0,2.0,2.0,2.0,2.0,2.0,2.0,1.9800002,0.020019799999999997,2e-05,2e-05,2e-05,2e-05,2e-05,2e-05,2e-05,2e-05,2e-05,2e-05,2e-05,2e-05,2e-05,2e-05,2e-05,2e-05,2e-05,2e-05,2e-05,2e-05,2e-05,2e-05,2e-05,2e-05,2e-05,2e-05,2e-05,2e-05,2e-05,2e-05,2e-05,2e-05,2e-05,2e-05,2e-05,2e-05,2e-05,2e-05,2e-05
2e-05,2e-05,2e-05,2e-05,2e-05,2e-05,2e-05,2e-05,2e-05,2e-05,2e-05,0.020019799999999997,1.9800002,2.0,2.0,2.0,2.0,2.0,2.0,2.0,1.9800002,0.020019799999999997,2e-05,2e-05,2e-05,2e-05,2e-05,2e-05,2e-05,2e-05,2e-05,2e-05,2e-05,2e-05,2e-05,2e-05,2e-05,2e-05,2e-05,2e-05,2e-05,2e-05,2e-05,2e-05,2e-05,2e-05,2e-05,2e-05,2e-05,2e-05,0.040019599999999995,1.9800002,2.0,2.0,2.0,2.0,2.0,2.0,2.0,1.9800002,0.040019599999999995,2e-05,2e-05,2e-05,2e-05,2e-05,2e-05,2e-05,2e-05,2e-05,2e-05,2e-05,2e-05,2e-05,2e-05,2e-05,2e-05,2e-05,2e-05,2e-05,2e-05,2e-05,2e-05,2e-05,2e-05,2e-05,2e-05,2e-05,2e-05,2e-05,2e-05,2e-05,2e-05,2e-05,2e-05,2e-05,2e-05,2e-05,2e-05,2e-05
2e-05,2e-05,2e-05,2e-05,2e-05,2e-05,2e-05,2e-05,2e-05,2e-05,2e-05,0.020019799999999997,1.9600004,2.0,2.0,2.0,2.0,2.0,2.0,2.0,1.9600004,0.020019799999999997,2e-05,2e-05,2e-05,2e-05,2e-05,2e-05,2e-05,2e-05,2e-05,2e-05,2e-05,2e-05,2e-05,2e-05,2e-05,2e-05,2e-05,2e-05,2e-05,2e-05,2e-05,2e-05,2e-05,2e-05,2e-05,2e-05,2e-05,0.020019799999999997,1.9400006,2.0,2.0,2.0,2.0,2.0,2.0,2.0,2.0,2.0,1.9400006,0.020019799999999997,2e-05,2e-05,2e-05,2e-05,2e-05,2e-05,2e-05,2e-05,2e-05,2e-05,2e-05,2e-05,2e-05,2e-05,2e-05,2e-05,2e-05,2e-05,2e-05,2e-05,2e-05,2e-05,2e-05,2e-05,2e-05,2e-05,2e-05,2e-05,2e-05,2e-05,2e-05,2e-05,2e-05,2e-05,2e-05,2e-05,2e-05,2e-05
2e-05,2e-05,2e-05,2e-05,2e-05,2e-05,2e-05,2e-05,2e-05,2e-05,2e-05,2e-05,0.040019599999999995,1.9600004,1.9800002,1.9800002,2.0,1.9800002,1.9800002,1.9600004,0.040019599999999995,2e-05,2e-05,2e-05,2e-05,2e-05,2e-05,2e-05,2e-05,2e-05,2e-05,2e-05,2e-05,2e-05,2e-05,2e-05,2e-05,2e-05,2e-05,2e-05,2e-05,2e-05,2e-05,2e-05,2e-05,2e-05,2e-05,2e-05,2e-05,2e-05,0.040019599999999995,1.9800002,2.0,2.0,2.0,2.0,2.0,2.0,2.0,1.9800002,0.040019599999999995,2e-05,2e-05,2e-05,2e-05,2e-05,2e-05,2e-05,2e-05,2e-05,2e-05,2e-05,2e-05,2e-05,2e-05,2e-05,2e-05,2e-05,2e-05,2e-05,2e-05,2e-05,2e-05,2e-05,2e-05,2e-05,2e-05,2e-05,2e-05,2e-05,2e-05,2e-05,2e-05,2e-05,2e-05,2e-05,2e-05,2e-05,2e-05,2e-05
2e-05,2e-05,2e-05,2e-05,2e-05,2e-05,2e-05,2e-05,2e-05,2e-05,2e-05,2e-05,2e-05,0.020019799999999997,0.020019799999999997,0.040019599999999995,1.9400006,0.040019599999999995,0.020019799999999997,0.020019799999999997,2e-05,2e-05,2e-05,2e-05,2e-05,2e-05,2e-05,2e-05,2e-05,2e-05,2e-05,2e-05,2e-05,2e-05,2e-05,2e-05,2e-05,2e-05,2e-05,2e-05,2e-05,2e-05,2e-05,2e-05,2e-05,2e-05,2e-05,2e-05,2e-05,2e-05,0.020019799999999997,1.9800002,2.0,2.0,2.0,2.0,2.0,2.0,2.0,1.9800002,0.020019799999999997,2e-05,2e-05,2e-05,2e-05,2e-05,2e-05,2e-05,2e-05,2e-05,2e-05,2e-05,2e-05,2e-05,2e-05,2e-05,2e-05,2e-05,2e-05,2e-05,2e-05,2e-05,2e-05,2e-05,2e-05,2e-05,2e-05,2e-05,2e-05,2e-05,2e-05,2e-05,2e-05,2e-05,2e-05,2e-05,2e-05,2e-05,2e-05,2e-05
2e-05,2e-05,2e-05,2e-05,2e-05,2e-05,2e-05,2e-05,2e-05,2e-05,2e-05,2e-05,2e-05,2e-05,2e-05,2e-05,0.020019799999999997,2e-05,2e-05,2e-05,2e-05,2e-05,2e-05,2e-05,2e-05,2e-05,2e-05,2e-05,2e-05,2e-05,2e-05,2e-05,2e-05,2e-05,2e-05,2e-05,2e-05,2e-05,2e-05,2e-05,2e-05,2e-05,2e-05,2e-05,2e-05,2e-05,2e-05,2e-05,2e-05,2e-05,0.020019799999999997,1.9600004,2.0,2.0,2.0,2.0,2.0,2.0,2.0,1.9600004,0.020019799999999997,2e-05,2e-05,2e-05,2e-05,2e-05,2e-05,2e-05,2e-05,2e-05,2e-05,2e-05,2e-05,2e-05,2e-05,2e-05,2e-05,2e-05,2e-05,2e-05,2e-05,2e-05,2e-05,2e-05,2e-05,2e-05,2e-05,2e-05,2e-05,2e-05,2e-05,2e-05,2e-05,2e-05,2e-05,2e-05,2e-05,2e-05,2e-05,2e-05
2e-05,2e-05,2e-05,2e-05,2e-05,2e-05,2e-05,2e-05,2e-05,2e-05,2e-05,2e-05,2e-05,2e-05,2e-05,2e-05,2e-05,2e-05,2e-05,2e-05,2e-05,2e-05,2e-05,2e-05,2e-05,2e-05,2e-05,2e-05,2e-05,2e-05,2e-05,2e-05,2e-05,2e-05,2e-05,2e-05,2e-05,2e-05,2e-05,2e-05,2e-05,2e-05,2e-05,2e-05,2e-05,2e-05,2e-05,2e-05,2e-05,2e-05,2e-05,0.040019599999999995,1.9600004,1.9800002,1.9800002,2.0,1.9800002,1.9800002,1.9600004,0.040019599999999995,2e-05,2e-05,2e-05,2e-05,2e-05,2e-05,2e-05,2e-05,2e-05,2e-05,2e-05,2e-05,2e-05,2e-05,2e-05,2e-05,2e-05,2e-05,2e-05,2e-05,2e-05,2e-05,2e-05,2e-05,2e-05,2e-05,2e-05,2e-05,2e-05,2e-05,2e-05,2e-05,2e-05,2e-05,2e-05,2e-05,2e-05,2e-05,2e-05,2e-05
2e-05,2e-05,2e-05,2e-05,2e-05,2e-05,2e-05,2e-05,2e-05,2e-05,2e-05,2e-05,2e-05,2e-05,2e-05,2e-05,2e-05,2e-05,2e-05,2e-05,2e-05,2e-05,2e-05,2e-05,2e-05,2e-05,2e-05,2e-05,2e-05,2e-05,2e-05,2e-05,2e-05,2e-05,2e-05,2e-05,2e-05,2e-05,2e-05,2e-05,2e-05,2e-05,2e-05,2e-05,2e-05,2e-05,2e-05,2e-05,2e-05,2e-05,2e-05,2e-05,2e-05,2e-05,2e-05,2.0,2e-05,2e-05,2e-05,2e-05,2e-05,2e-05,2e-05,2e-05,2e-05,2e-05,2e-05,2e-05,2e-05,2e-05,2e-05,2e-05,2e-05,2e-05,2e-05,2e-05,2e-05,2e-05,2e-05,2e-05,2e-05,2e-05,2e-05,2e-05,2e-05,2e-05,2e-05,2e-05,2e-05,2e-05,2e-05,2e-05,2e-05,2e-05,2e-05,2e-05,2e-05,2e-05,2e-05,2e-05
